62.218529
82.188761
75.842694
27.541979
45.821228
23.657108
27.731264
42.95841
24.501359
34.305369
22.296283
25.878334
26.132067
32.470184
24.983501
36.004122
23.304318
32.613322
23.646244
23.95238
27.722352
23.721114
24.681405
23.561752
24.630563
25.238812
22.544873
36.423958
24.257713
24.503311
23.727258
26.399778
23.707025
25.98842
31.268605
23.624944
30.696265
24.243332
27.538817
23.630316
22.76429
23.603693
23.247568
34.287699
40.567325
32.426101
26.198671
38.402383
32.33793
27.094908
23.57113
24.273592
22.815435
26.246756
25.194953
34.981831
31.426513
29.868939
35.979757
21.583545
33.993084
22.126659
21.889629
22.417674
22.789936
34.951325
43.517966
43.034936
24.23105
23.48535
32.593911
22.517361
28.416407
30.792185
36.025957
33.196974
25.145196
23.391452
29.827988
39.096897
32.367079
30.422235
22.87467
22.807981
49.887021
24.536062
32.73735
30.012877
31.731046
35.722276
32.074059
26.657521
34.123944
32.6138
25.389736
31.845097
26.882976
25.87297
34.040052
25.321072
32.854856
35.584949
31.232184
26.08718
23.837577
32.266134
34.249933
34.102903
37.204516
42.184959
24.246634
34.126691
23.918101
22.464975
43.148411
24.550421
24.501703
33.62645
30.159665
28.344656
25.156908
33.896893
23.12402
25.096833
24.920643
22.769806
33.38294
23.325517
32.38225
31.664888
25.356524
22.885662
32.441536
24.224206
23.777594
23.035737
31.541522
28.464897
33.561133
23.025933
25.641444
25.186862
22.891704
24.486485
29.854565
22.845964
30.846818
24.82246
24.41775
23.630502
24.676576
25.614455
36.237934
29.39316
24.927053
24.250958
24.419296
32.149993
28.172885
22.542733
23.786874
22.68763
24.707655
27.058063
24.080082
24.856634
23.517727
24.001413
36.147286
23.157615
22.814421
24.878719
27.444022
22.77469
37.756118
21.870684
24.01321
24.914215
29.039758
31.488934
24.185803
23.288245
22.260689
39.011946
40.199015
34.935253
23.306711
25.395704
20.983418
25.450825
24.606539
23.516301
21.328163
24.85252
24.297012
29.811367
24.974413
22.071863
23.129231
27.118205
30.933116
33.925985
22.963004
25.323891
29.860271
21.859452
28.852265
27.503853
22.74388
28.958365
22.826064
23.348846
25.499876
23.411747
24.638619
23.117773
32.549875
23.950659
28.47866
36.596533
24.659671
31.444882
26.336068
35.681274
22.940617
23.876054
31.620147
23.88783
25.047539
22.429768
25.084784
23.405558
35.649936
23.01358
22.962088
25.201567
22.7526
27.4158
24.871644
23.404571
37.351873
23.710489
22.413072
37.524057
24.981572
31.553429
25.43681
24.560511
32.20283
24.319457
22.255804
24.539655
24.972251
22.966402
23.657857
32.190601
23.867078
27.060788
24.062375
22.671594
39.505435
26.005609
35.928767
24.223956
23.316321
25.330366
22.768699
38.306362
21.882503
31.962761
33.705881
21.747083
37.188517
34.278891
26.600357
29.794229
24.865201
43.216971
32.047938
30.453467
33.928814
25.055119
33.112532
29.616564
24.486209
24.164089
23.89455
25.05702
24.519914
22.869643
24.27539
24.364587
23.376271
23.916903
23.342415
28.221599
23.315196
38.183821
32.892135
32.032442
26.412826
29.287991
24.611905
41.621021
57.505134
30.652488
38.23396
32.119017
25.695486
24.191054
30.406656
40.699443
25.719151
41.422281
24.660836
25.28145
27.812012
27.316866
26.378946
35.13065
24.695823
24.750797
23.710328
24.069563
37.065726
43.632947
25.225569
34.522882
32.17687
34.174529
27.920061
23.447329
22.710393
23.887565
21.523233
19.900787
19.918351
30.144968
19.111373
21.631323
20.542799
24.002353
19.838247
25.001195
19.662188
22.764664
20.678283
29.522446
39.280695
19.36828
27.435783
28.184595
19.205082
20.412045
29.194322
40.294637
30.855271
32.435991
33.606431
20.336267
20.548719
20.374204
21.56326
31.128868
19.782835
20.878619
21.346855
27.023416
21.191742
21.201397
20.123434
21.524538
23.163511
29.616417
21.879945
38.67584
36.411832
22.901955
22.276984
21.458276
24.261787
22.017727
20.613064
21.295663
31.0073
21.837815
23.967341
22.045722
32.169473
34.943639
22.992405
22.988903
32.232694
25.7316
23.173815
23.658767
24.975515
22.230611
34.742593
31.971187
20.704241
20.251379
21.392667
21.705464
24.019158
22.723274
39.426932
40.391131
30.151477
24.470454
20.716861
25.883922
22.865696
20.656795
29.11844
22.193516
24.183729
22.526476
22.46303
22.166235
22.350427
22.600555
22.84533
27.093707
20.869303
20.905649
24.992804
29.811571
25.14526
34.778257
20.758444
22.129276
36.913077
22.6382
23.105942
23.604521
21.451741
22.276792
28.415161
27.723175
22.164995
25.672495
25.371742
23.030211
24.519362
22.969905
23.020272
24.47208
22.68567
23.982396
24.17056
24.297987
24.222037
33.313988
22.0016
27.35424
22.299626
22.388827
48.285109
52.169494
23.766603
47.932781
22.140158
22.866792
22.844533
23.846426
34.929144
31.68641
27.208557
34.112795
35.93012
23.250641
23.313876
25.169121
23.185754
24.599279
23.903453
21.741986
22.800812
26.662844
27.815733
25.351093
23.641434
22.58502
36.393398
22.797869
25.4096
20.49603
23.431772
24.890401
38.916394
35.114264
40.257577
25.666406
23.477736
25.907939
33.284293
25.788921
36.493206
22.195518
32.741627
32.847915
35.589968
37.803082
22.23945
24.531267
23.897248
27.428133
23.37603
32.081773
34.593289
27.755322
23.546762
24.588212
31.186906
23.452417
23.029483
28.094643
22.690513
36.595675
22.567865
24.002911
34.793229
33.228095
22.705846
21.958513
22.30583
38.554029
30.852964
25.091806
33.478528
39.267936
22.643733
42.439374
37.481957
34.860115
22.267406
25.067972
24.949458
27.902303
21.67903
36.882741
22.189539
22.814778
30.61147
24.262966
28.976373
22.373372
34.631405
30.148527
23.429682
27.351339
23.921299
25.134944
25.435652
23.750654
24.002248
31.640508
22.6022
24.30141
42.082644
29.694617
24.594173
23.337603
39.844856
31.476697
34.460274
22.883477
29.663122
32.859212
22.691902
22.300892
30.22557
26.407877
40.802156
54.807673
40.895751
22.225114
40.318371
24.044346
34.11588
25.063362
37.57611
30.529602
23.719879
26.283981
36.473348
26.785985
27.875427
40.587435
22.971983
23.616047
23.361361
41.836371
24.377364
27.703626
22.475237
22.085525
25.526988
22.892271
26.324364
24.49687
30.783448
28.011985
32.299779
30.808537
32.519326
34.218936
23.66677
33.289377
23.707405
32.573117
25.267994
22.540855
24.249016
27.886646
31.798927
30.560258
36.933483
23.034267
27.805222
30.728433
37.025384
36.768783
30.919433
40.184344
35.598346
33.116056
29.025049
36.703153
23.981205
34.231841
24.329918
23.846661
24.103878
25.294605
45.385909
28.159545
23.162768
28.557588
35.096979
22.745624
22.805171
38.894545
29.588245
24.107537
24.379931
26.88582
44.746167
26.955838
23.691341
33.294528
24.099708
32.555264
25.815438
23.985495
28.740572
37.96002
23.957662
47.054535
34.838816
23.294866
24.009102
23.75013
36.715711
23.053148
25.816032
31.918788
26.045399
24.734942
34.885919
23.98936
34.430512
24.684401
25.086339
32.885823
34.956268
33.527224
23.408456
43.178816
23.731781
36.429436
36.269192
30.299529
22.557968
40.733748
23.63979
40.350322
23.574338
37.10948
33.841232
24.255632
40.964527
24.068589
38.385552
40.326224
24.380093
22.542297
29.638735
38.614328
22.508043
27.695852
27.773603
23.077295
29.030618
25.183097
22.003441
24.412357
23.75677
33.90568
27.913687
32.92988
25.848625
23.048415
41.093097
24.600775
28.655184
26.006276
30.046744
31.899892
37.747962
32.143513
40.517729
31.709537
26.246534
23.712797
24.88463
39.352761
25.556208
34.864655
38.110728
38.319153
28.488879
39.270624
36.708416
24.09294
37.334227
24.712925
25.607371
38.544674
37.779809
35.044488
22.991565
32.586881
34.289447
32.744677
23.189158
23.364573
23.739706
25.789477
22.902702
25.342752
33.769905
23.602275
25.504375
30.173806
27.050718
27.031795
40.461291
23.814517
30.266837
39.122303
32.268389
27.393588
23.866758
24.762304
24.310071
26.680893
24.740229
23.652078
29.894269
24.217498
25.478661
39.50391
25.186434
23.661347
30.092876
24.932972
24.42327
28.399735
48.186339
49.592572
29.459042
36.674671
45.747653
24.886664
27.63045
23.352351
23.650719
28.051872
23.946457
23.644408
23.449241
32.341501
23.534359
45.617872
30.485862
32.768418
22.475001
23.265614
22.476001
22.550673
22.678957
32.917782
24.535651
24.402927
31.865497
24.311063
30.447765
39.252672
27.9963
24.811218
44.080903
29.468362
29.371478
22.780713
23.532219
29.736481
26.858022
23.788887
22.586328
23.618814
23.000757
39.643977
47.299102
24.177444
33.758872
22.900451
33.568749
47.05526
36.580689
30.645839
23.500527
22.411404
36.24449
38.822724
30.817848
33.856666
33.445085
36.596516
24.245056
22.753397
38.769845
23.874927
23.216701
24.801921
33.531291
32.818188
37.721469
28.127153
24.507885
24.365302
35.03275
45.713725
45.909978
31.343885
40.126888
28.405679
33.124548
24.24539
22.6713
22.375895
23.829042
23.268474
29.071928
34.992751
32.646803
25.04548
31.858072
23.402923
32.977453
29.08136
30.468452
38.772599
23.758963
22.779188
29.420871
23.096226
22.01847
31.841885
22.610048
25.195686
22.848908
25.599647
21.923597
23.709687
21.148535
22.504858
28.985805
21.369667
20.691635
22.215848
35.412922
20.957125
21.084229
20.845434
14.998683
14.966098
14.950236
14.798745
35.48803
27.452712
28.924674
28.690222
18.735284
24.712845
28.444813
31.02566
21.970609
24.226511
32.803127
19.698872
46.91642
21.328137
18.611274
18.324833
18.429322
40.486457
15.823828
16.678279
18.992421
18.428822
21.844238
26.310519
17.140785
30.291857
17.810865
17.767969
27.122646
16.886641
35.195191
18.233545
21.77739
21.57186
28.716232
18.051599
17.362586
28.251128
19.316321
18.639193
22.810589
17.333825
29.918666
18.449194
18.042121
32.883973
38.368518
23.742416
16.084037
15.960235
16.267886
16.398006
16.404169
17.625723
25.478352
16.658247
28.596882
21.167991
18.399875
24.80343
17.969179
16.785557
40.563487
22.060414
34.921393
27.705232
21.860592
29.631878
17.159052
16.973835
16.897856
23.967165
17.75051
26.336183
17.977157
19.376162
21.743225
20.487135
19.21217
20.03034
18.343503
18.773274
18.781202
22.523326
18.878713
27.249824
46.260694
55.331654
25.614435
40.258676
26.056969
29.113385
39.719285
23.756117
39.307536
25.295599
31.775908
41.447534
40.489561
21.197011
20.141509
19.919577
24.14527
21.344636
34.045512
32.339906
28.945782
25.567929
33.680931
24.755262
22.971706
29.254781
20.604122
21.946464
22.225649
22.476177
42.798741
36.458242
37.477193
21.687695
21.103424
30.571545
21.498096
21.795871
36.809988
37.641616
32.43425
28.151438
22.163725
20.929326
22.210017
31.484905
21.816731
21.158594
21.269961
22.000819
33.014269
60.195298
96.351591
54.769764
25.230508
22.912223
25.323961
23.93027
38.599371
23.256312
23.914129
36.612185
21.290776
22.595062
36.962466
32.384345
36.337395
37.813818
29.6559
23.729735
36.943276
22.227512
23.185766
23.867603
21.96396
25.479025
39.349515
22.561162
23.80471
23.343592
22.401498
23.048796
23.288422
23.421649
28.528928
24.757094
45.807324
34.07013
23.854574
42.451034
29.318508
23.636225
36.610281
23.00138
22.48575
43.033901
24.045228
32.099949
37.843408
44.720557
45.974678
39.988406
26.341519
24.024295
31.653098
24.479765
49.803234
23.855157
23.008138
24.895534
29.083862
22.770277
21.68
35.670445
44.254083
23.409051
24.76528
40.133286
23.432562
30.796806
34.626628
23.638723
24.218995
24.039739
23.068278
38.329707
39.582457
23.766442
24.457321
31.359652
33.745891
22.788646
22.239051
29.494763
30.7273
33.557321
39.632285
26.512893
40.0699
24.266404
22.520414
23.059793
21.202179
23.201392
26.936997
23.652368
29.98678
24.476199
22.299689
24.245564
23.851786
23.732966
23.022913
23.270122
35.374087
26.027531
26.068633
23.860805
44.134805
25.96499
22.890214
23.212992
41.816865
38.489296
23.368439
22.454782
45.824207
32.151206
23.405018
25.274424
28.310668
24.367736
29.566356
22.819048
22.42372
22.177549
23.781826
38.332979
39.81041
31.915999
34.780905
34.870756
29.878671
23.741827
24.386168
23.550886
32.290938
23.229771
33.755814
23.501485
23.353836
28.314707
23.198636
22.511022
23.841022
29.991931
22.083364
22.065388
39.136034
25.034545
36.123761
22.082575
23.496881
38.618325
25.716928
27.421896
35.400075
21.773457
21.958143
31.004569
35.034424
35.701303
23.487026
30.868445
24.042698
23.442248
32.331986
33.954463
23.721725
27.26652
37.446261
22.839823
37.519298
38.244697
23.642363
24.561023
27.855836
29.574347
39.657405
22.554476
37.179273
26.303878
23.04297
23.977518
30.0807
40.728942
47.776138
23.59754
32.822092
22.859371
34.370737
23.764132
33.075633
49.093411
24.385485
30.609636
22.599121
36.340511
25.773793
23.818694
40.724274
27.403022
23.184861
23.09456
32.658541
35.878984
42.589054
22.932509
39.693816
24.392612
24.813796
38.780846
37.731166
24.048273
26.526769
25.400544
48.297974
24.747056
39.191696
27.43574
23.598958
38.37845
25.229081
25.136374
35.122359
25.787417
40.846979
35.847258
24.52249
42.324552
25.323204
24.009164
23.786104
27.431181
33.25005
38.981987
23.984364
28.854448
48.508053
25.744789
23.389336
24.393789
24.899412
23.170589
32.564935
38.114795
24.309306
26.692384
42.051478
25.678772
41.764954
28.936543
27.797264
29.273789
28.699109
25.574139
39.681053
34.941659
26.177462
35.882742
24.097138
40.388134
43.382658
31.034772
24.285103
24.713325
27.162898
32.95288
27.936581
24.12999
24.885681
25.524901
36.328264
27.837451
24.860527
24.83507
39.157785
39.038657
23.80127
41.697216
23.050584
40.186776
44.566003
47.547075
24.243572
25.737593
23.050759
41.875069
34.55278
24.478085
27.407296
31.306979
23.828311
37.645561
28.801494
23.102443
34.323686
24.84137
24.135788
27.22128
31.029953
25.157785
34.798448
26.150652
23.6808
25.766101
30.506999
24.221006
42.436293
39.792982
25.704744
25.917523
22.676724
31.24063
23.431469
40.606346
30.321857
23.555944
42.849281
37.082958
52.393258
28.238635
27.081973
24.997818
24.693921
29.604272
32.841435
33.799692
43.601738
40.716305
32.208927
48.074077
25.998895
29.674328
43.23077
24.939882
24.18826
34.727212
45.426226
24.336423
42.789662
33.010147
23.978787
36.725736
39.870948
46.476503
35.057875
30.278769
26.625239
40.198655
34.96137
52.401018
35.629273
48.541486
41.558989
25.740445
29.589851
26.39934
24.406803
37.35624
27.258016
27.112527
39.522569
31.512709
36.698847
50.02648
26.710401
25.966628
38.339784
31.198489
34.311213
26.027252
27.596092
26.317677
26.161767
34.253242
25.206168
25.198525
41.650043
34.226766
23.879431
41.722312
45.103681
39.080791
43.445637
33.970514
25.280891
32.887836
39.054418
49.67825
48.407961
29.45106
38.452726
25.820086
39.608345
27.146494
25.19816
27.033151
25.137727
44.333078
39.19736
28.165209
39.908429
31.843046
37.409952
24.820926
23.48142
45.487338
45.852315
27.066905
42.848728
37.080453
22.238888
40.759827
26.299821
26.582883
26.296098
23.731591
39.359566
23.787188
37.071868
39.293258
41.63002
27.051269
23.958969
27.128471
38.912873
37.964118
25.212756
33.141099
22.347078
22.840573
21.133874
26.585854
36.593955
22.124523
22.465167
29.386683
36.005854
25.048848
40.885558
20.451319
33.742417
20.040258
31.603323
32.916501
29.681978
20.479865
21.918072
20.821079
21.137224
21.230306
33.430881
35.708599
20.958198
20.212233
28.169838
23.950453
33.134408
20.181262
25.620856
21.662054
21.490097
20.128809
19.176856
22.153774
19.18163
19.941948
21.502264
19.096901
20.42578
20.26283
23.065448
19.806884
23.410967
20.484137
22.388804
19.31421
17.473683
18.618808
37.143622
20.157506
17.715576
20.443406
25.322286
17.999658
17.272526
17.251149
27.353921
30.224947
16.839501
28.080774
17.623319
15.608828
15.836593
17.426461
17.221056
16.441137
15.627933
16.891164
18.779974
18.74908
16.62904
16.548038
16.366854
17.43527
17.800312
26.901704
22.988877
14.935943
24.806391
19.946157
17.004642
19.165778
15.5127
16.364271
16.097892
16.401186
21.839892
16.931728
16.418376
14.926069
16.907265
15.257452
15.282264
16.592702
16.052768
21.770742
15.799279
17.927538
19.032908
14.803109
17.07782
17.332142
15.101344
15.539065
13.742291
14.761229
15.038732
14.760784
14.618525
25.028746
23.936772
17.030331
21.06582
16.790668
14.819464
14.700258
15.635757
16.997169
16.202082
15.580642
15.386149
19.530078
17.254457
16.697837
16.650135
15.433629
15.987924
16.043557
15.515567
18.765326
18.736138
23.823466
21.975028
23.424896
15.86656
15.985048
20.780838
14.808457
16.117753
14.906639
17.287636
24.027362
15.607502
17.875276
15.966738
16.379873
21.746268
17.998342
16.059642
15.019367
17.019639
17.506724
15.852889
15.06798
17.252635
14.673149
15.822207
14.673376
20.064544
20.455576
16.542747
16.676483
14.451692
16.134338
14.607088
14.146759
22.849345
15.111837
14.471109
17.705271
13.175011
12.538023
14.592547
17.733123
13.456042
19.121928
13.53496
13.954616
13.043164
16.836405
15.748614
15.680535
13.659162
14.109826
14.63058
12.908035
13.583894
14.391948
13.087703
12.276626
12.275228
23.14664
12.274204
14.012282
10.767958
17.953862
10.258664
11.247911
11.119666
11.604532
10.546674
10.495471
11.663953
12.00386
10.368431
10.813806
10.756861
9.659062
10.831586
9.553563
16.246666
10.290207
12.076624
9.820479
9.671573
10.269802
9.790963
14.636914
11.738367
10.767752
11.016068
8.19319
9.308379
9.097987
13.794333
10.512615