13.947085
18.440924
8.62705
13.473245
11.271725
8.841906
7.500977
10.450572
10.65383
8.87572
7.030442
6.564934
8.025509
15.301758
15.49839
9.309884
7.604992
21.80167
8.520425
10.08373
10.714149
13.834143
12.178446
14.73097
8.656798
8.22657
9.816419
9.520666
15.585467
22.141832
7.455286
10.540199
11.260264
10.651805
12.966535
11.071833
20.155745
9.36417
30.46064
8.565782
7.63356
8.422315
12.080618
16.145457
11.555845
8.777556
12.10459
8.974788
9.085869
10.598056
16.251384
14.495283
16.252258
7.799368
9.800637
9.427002
7.157211
7.726893
22.542155
22.536431
7.810445
12.516304
7.548945
10.214774
8.274994
8.044268
7.036571
8.368127
8.76087
15.914334
9.879027
20.859342
29.103468
7.532176
7.730514
8.155895
9.610049
7.888988
8.812106
8.90339
19.877875
8.291086
8.384774
9.660015
6.88471
20.760868
7.374953
10.537922
11.399894
8.181735
25.477075
21.011864
7.358021
7.393394
11.747866
8.433382
7.444204
7.352278
10.838983
8.757854
12.515062
20.312189
8.467179
12.593892
10.447834
15.824574
7.72145
20.828208
16.160576
9.414807
31.937097
9.387422
21.419705
9.849513
9.047616
16.442917
12.768516
20.204177
8.699322
7.307241
8.343386
7.993043
22.953519
9.197192
10.238784
8.961918
7.96204
14.323458
8.225218
8.161108
17.340437
20.284419
15.059327
8.498143
29.341478
8.697026
12.357961
20.594719
8.901083
8.386495
8.084857
7.974917
9.62185
15.561815
11.179177
11.962349
15.871336
12.785503
11.721692
8.866969
23.968693
11.704877
8.198069
8.899037
21.545179
10.882595
13.933961
19.630202
13.1268
7.373743
8.628789
33.563027
7.868411
33.639414
11.776584
11.016978
11.103663
22.440674
14.554258
8.727486
10.293809
9.159173
7.645888
8.338922
15.616531
7.813004
11.153464
24.69491
7.540683
7.4685
10.128312
19.911613
9.095613
8.597674
8.277612
11.949293
23.340812
8.241093
10.10336
31.875312
20.366992
10.861385
17.940233
15.332102
7.358071
23.762788
18.581555
8.052582
25.618626
7.570426
16.464218
14.122772
12.984157
14.042672
12.251841
7.558114
9.644222
10.963288
13.662977
21.693235
13.393973
13.611765
13.239566
34.484642
9.002193
7.330396
8.70483
7.60278
13.12084
14.409013
9.084158
16.625826
20.083031
8.437116
7.770362
18.926608
21.273408
8.284901
17.098194
7.99834
33.56663
10.922438
11.793271
19.682596
7.18235
12.617792
9.912535
13.060264
12.493333
15.05131
7.993716
11.010962
8.027363
22.658691
8.459451
9.00854
12.561116
14.183796
15.043706
22.373084
23.30809
24.086081
10.883214
9.391974
17.112346
11.976924
7.384291
8.192467
8.313215
21.159574
12.671796
18.799177
22.65705
12.152437
11.673567
9.060269
11.995438
22.69153
7.178715
9.76295
23.462255
7.697344
23.371903
13.208419
12.376518
8.566657
11.942631
7.937455
9.682166
11.309932
22.514653
8.162355
7.864152
7.612679
9.152942
20.729835
8.259606
16.27471
8.103091
25.482127
20.309311
15.275045
9.197004
16.600774
13.401663
8.084211
23.070718
9.037052
9.811735
10.846765
18.759466
11.858863
22.378437
27.301417
7.958135
9.648027
9.193912
17.94215
11.173456
7.728579
18.750654
13.095268
7.650284
8.19103
19.605847
18.757106
13.905868
8.508945
20.289525
9.797383
32.372658
11.687867
12.841797
8.569423
8.756654
32.45184
11.263069
12.39572
12.766027
11.736612
9.194699
21.177413
8.935032
24.388594
12.454681
19.757611
10.099636
14.326848
14.867061
30.338457
8.449562
8.328738
19.941887
13.623525
11.523871
22.880794
19.059139
13.406685
20.486798
7.851017
11.901981
19.676021
10.283136
12.717675
9.833472
17.323737
10.914008
9.608686
19.728229
23.361589
8.267666
8.704073
9.57482
8.037066
11.487784
15.005097
29.363724
12.552241
15.636308
19.757017
11.010067
11.707993
21.728169
19.74287
15.763051
13.462362
8.999659
11.903717
12.640505
8.10519
20.249696
17.590727
13.500821
11.166396
8.251319
28.348676
9.295214
18.304713
12.906881
13.140358
23.211596
8.850557
9.51118
12.448899
13.555326
7.805726
23.342071
13.374455
18.079352
24.860395
18.560789
19.239845
26.876867
26.552641
9.545654
10.373423
20.698521
25.332359
34.724396
12.137102
17.468817
36.765169
8.234743
8.625278
11.102351
8.302375
8.836985
10.842359
22.513417
13.019407
8.556524
9.732779
11.097212
35.229036
7.824467
9.128175
11.835473
8.853438
9.111265
19.262145
8.705697
9.915675
9.611991
9.772735
8.948092
10.095307
20.602057
21.134698
16.391805
24.860578
7.928256
10.258821
9.117833
8.303091
14.402643
10.066658
8.981565
12.970413
8.250434
10.981139
16.064638
8.706439
8.676518
19.428406
25.180557
13.145954
14.158863
24.682559
10.8914
20.49023
18.40684
13.724333
9.426688
12.874191
11.260466
29.812284
10.274043
8.205364
27.446225
8.327739
7.849658
8.93005
12.793359
8.70378
20.064688
9.661905
16.540885
10.777424
15.172695
10.698026
16.12551
9.136434
13.481627
8.784016
9.695131
12.423906
13.8196
8.043672
13.239211
12.981382
11.877177
9.618417
8.348546
10.881565
17.052168
20.236317
7.926153
18.335311
10.795013
9.301578
8.386441
13.964569
8.986463
8.975604
11.043169
12.563149
9.39539
8.014038
14.486297
11.303155
16.94779
20.632822
13.046597
14.754537
11.127307
11.409393
12.562148
11.022075
12.527491
10.459624
8.611216
17.306478
8.630372
11.461588
13.561583
16.576186
11.740505
11.917323
10.297774
15.151417
12.167665
8.127384
9.909865
7.317226
12.350155
13.791548
10.09903
15.4882
10.305508
12.479562
11.724734
7.272199
16.913466
9.132486
9.154376
10.850963
17.377039
8.902217
10.294933
10.11929
16.654017
18.780458
7.312927
10.914047
8.739229
16.846501
14.736015
14.956106
8.958865
12.230939
10.809825
11.458292
12.511266
13.697858
8.2174
9.171114
14.794576
18.822788
8.400426
8.980233
9.118311
13.679781
8.318785
10.354124
8.42606
7.778199
8.371982
8.340657
9.353304
7.995677
18.513415
7.352927
9.258006
11.353166
9.097347
7.80139
8.184352
10.997015
11.335483
19.724244
10.45704
9.079483
9.337693
7.353755
11.26359
12.481865
9.903738
10.627216
7.509264
17.720655
8.064542
7.892059
8.204828
14.169339
11.979915
7.3266
10.382204
9.776582
10.895958
18.983095
10.403535
22.830019
7.823373
9.618992
14.47425
22.063466
9.588718
30.075287
21.10443
26.937572
11.287466
28.425707
23.599466
27.342483
14.046226
23.302229
7.698596
9.941173
16.072342
9.739496
15.481086
14.888613
7.634004
18.589452
8.068275
8.739178
8.275593
10.839597
27.989842
11.843513
9.008208
8.9928
8.996625
9.765657
23.000144
18.880034
9.461708
8.324778
9.27284
8.3571
26.074139
19.170867
23.640915
11.593605
16.213761
24.728038
7.827787
7.979001
8.058813
8.795958
8.429374
32.094128
32.360525
9.282671
10.539398
12.69199
8.136378
9.539616
21.726826
8.148836
13.339386
9.227173
11.530139
23.950131
12.742303
13.562699
16.141563
8.51687
8.591816
30.019893
11.411585
10.836688
26.903505
12.081829
15.266879
24.305767
12.668762
16.732694
12.486673
7.757899
13.756081
13.215432
7.513994
28.253205
35.417499
8.153664
22.620325
22.008255
17.415299
23.719871
24.861681
22.093162
9.570406
11.916286
9.875857
11.64011
15.163281
31.7411
21.66133
8.857152
9.114936
12.431627
10.727067
10.813232
16.278063
17.57776
24.878106
8.914852
12.605772
11.397038
23.101797
10.315191
13.669225
15.163091
17.349985
8.332889
12.196319
18.433981
15.258769
32.077917
12.198996
8.035069
15.229154
9.938634
8.514371
23.0369
8.484493
21.830606
9.036822
9.46476
10.266005
9.655555
21.925123
10.510315
22.397369
13.403556
24.488254
21.994255
35.557793
20.229817
26.036514
24.962485
10.714298
34.821214
23.669367
11.283198
21.466773
23.784662
8.026446
17.465068
14.946843
15.367891
9.417276
8.357049
9.69395
18.274027
12.098984
33.279593
12.466774
23.659416
29.909673
10.641088
9.13799
9.073041
9.514462
12.40949
9.1365
10.575726
12.553955
12.315176
8.964433
24.065618
8.616769
8.420224
11.890375
12.049744
10.439806
8.999757
20.854024
31.623194
10.712448
12.250211
20.471132
18.514973
31.98861
9.544555
20.941196
8.430077
10.031099
12.491014
30.606399
22.581553
12.823072
10.100712
9.404635
7.839624
13.806537
9.907047
14.203567
8.864792
14.217066
8.9494
8.216444
9.348844
9.842169
11.253195
9.72143
21.902372
15.524987
19.165827
23.144982
7.835459
17.84899
11.482874
9.133951
17.662444
8.913365
20.230992
33.525712
12.171303
10.203127
23.787813
8.007552
9.507139
14.957282
7.573196
8.285488
27.784206
8.432437
12.69573
23.339085
21.979923
11.890632
32.879952
11.086189
23.112704
11.584953
8.965845
24.230947
8.812377
12.279824
36.340582
18.367178
8.114932
22.761351
10.533882
8.621568
25.78484
23.332707
9.450489
11.34937
7.76533
8.919366
23.638314
8.992189
9.302631
10.25644
9.286379
19.283837
8.604083
20.770979
9.900757
10.122678
12.905712
18.936628
8.461382
20.572812
20.18514
9.623663
7.687417
13.278401
8.251694
21.765188
9.555202
10.939179
9.296845
8.201176
22.167866
9.566876
10.125102
9.317464
8.887609
22.24711
19.246359
15.370258
28.625176
23.223068
10.345213
22.524015
20.701471
11.816353
23.871376
12.200761
17.474301
10.503271
13.553731
19.139588
8.909997
26.009801
9.607051
18.315369
10.627266
10.456323
10.815623
10.163353
19.038665
20.81804
14.832609
35.867687
12.276327
17.836252
17.823579
9.21629
26.020723
10.216037
8.743464
9.52048
11.544531
9.290891
12.994352
11.141258
30.843375
8.599602
18.454832
12.254494
8.369262
9.457977
39.034853
7.808019
8.612286
23.275536
9.604606
20.550146
9.324878
12.347779
8.291422
13.811295
9.671073
12.357475
9.449999
10.918042
33.804539
9.741022
14.2329
9.949371
9.762566
12.341402
27.803688
11.207853
9.701518
9.076719
8.588038
21.616438
8.117779
14.025551
18.299821
14.515769
12.382787
8.750622
12.907478
17.625299
7.991411
10.379789
16.670053
19.376953
17.117579
10.249887
9.874699
10.906998
10.976864
31.718543
8.694962
24.634161
11.436151
9.585228
35.536962
8.049734
26.980843
12.765839
8.216944
33.598236
11.24549
13.064119
12.905512
10.126191
10.994538
10.100333
10.281683
33.806714
13.135932
12.518382
12.160954
10.005811
20.824683
11.040439
12.663083
12.824449
22.625552
14.750273
10.143222
11.54023
10.735668
10.838056
7.745752
9.611693
20.59429
10.365501
24.149313
10.973716
11.651652
18.397747
22.980404
23.401767
12.890865
8.651275
23.755064
21.228635
12.701545
9.141783
11.227616
23.246391
36.989453
22.020721
9.400354
33.932914
10.789049
10.139892
8.172439
20.210103
30.941096
12.775275
8.806303
12.406963
8.715661
32.915693
8.75312
8.665844
15.467686
23.98897
33.197438
12.35645
9.633222
13.574594
12.888865
11.665181
46.097001
9.816316
11.163559
16.937452
12.855646
9.42048
36.503897
8.264502
24.270077
8.918035
14.803249
9.530303
25.600093
9.147848
8.594489
12.778898
10.135195
23.110992
20.493865
9.013442
9.72969
9.475446
9.868901
21.235515
12.982225
8.584367
10.465483
11.898749
12.650967
11.838436
24.218333
33.603441
14.733643
22.806801
30.866124
20.021861
13.920564
13.75833
8.146501
8.897562
12.574446
21.818091
9.069772
10.399113
11.461509
22.130113
10.77566
8.18171
24.556518
9.121805
20.328357
8.822391
12.922275
22.068864
10.11672
20.271952
8.552854
16.384144
10.35122
12.573561
9.000958
24.33425
35.804008
9.796369
9.839068
12.313033
18.901867
8.752417
12.818347
9.579142
9.397685
9.022498
11.791442
10.286403
12.59577
13.333848
12.864486
8.767912
8.339522
8.49394
23.716691
13.658339
10.154845
8.733588
18.673197
13.087238
8.245607
29.285859
7.959728
21.403261
26.976555
12.64605
20.537216
33.6439
8.635488
20.4272
18.61577
9.464225
7.892844
20.013964
9.358066
8.479375
25.725098
15.626375
31.315898
12.900721
9.401033
11.648371
8.478944
10.705652
10.216196
9.450069
7.925644
12.99642
24.698869
31.60803
20.737889
9.930933
30.520518
20.264494
14.676677
23.165618
8.495552
16.992882
28.889431
23.288584
8.193148
31.402574
12.460192
8.136601
34.548833
11.294571
9.293719
10.470892
20.674717
10.032615
30.362905
21.624421
16.660629
22.039382
8.513747
8.857035
30.775146
23.00661
8.156383
13.771858
16.809196
31.266604
21.197773
12.953443
18.957884
12.986514
23.715438
8.376932
13.187022
9.299193
11.524988
11.655871
22.878556
10.542811
7.562223
18.424781
8.009776
7.516826
9.179407
11.143351
22.167831
12.724597
18.258386
20.17162
21.286798
7.898818
11.853684
9.317637
13.361961
12.370009
8.021433
24.029168
16.840051
9.378883
18.60762
8.653024
10.056655
9.247878
15.690425
20.232312
22.213244
29.53174
18.786566
9.149402
10.554882
10.789327
13.981945
9.696504
14.859428
9.310022
9.639411
10.671341
9.70064
27.913409
11.083588
7.53233
8.795751
9.392903
18.728276
12.37413
14.068589
21.9405
9.468591
13.87418
25.434253
9.446784
8.325892
17.931391
37.242092
19.769544
8.992952
15.542863
8.640738
18.702928
10.142121
9.79629
8.161086
8.065749
26.871155
8.813384
9.149744
10.825476
9.526732
10.428997
11.14344
14.840824
12.945369
18.061415
8.531076
8.0029
8.241338
11.874064
9.041271
9.080714
12.409366
11.321189
22.811172
8.58142
7.859406
19.928804
10.624363
8.82834
11.457179
21.328858
18.467138
16.317119
9.957327
11.756106
19.095764
20.05239
24.895483
11.182863
26.651708
22.236038
10.041449
37.625947
9.901983
10.644332
8.599076
22.41986
21.38388
9.460937
23.591565
18.813063
21.624051
8.892551
12.056811
17.389417
11.834665
8.747757
21.704019
8.472607
10.900324
21.232284
9.348209
18.236977
10.902577
7.903566
14.541695
22.330698
18.909463
12.818083
34.363184
8.909851
14.876036
18.910639
9.099486
16.944779
9.111164
11.425798
36.639787
11.106659
13.09028
13.221677
12.743548
12.396437
10.102676
11.400766
8.454605
8.640338
10.24164
9.028201
10.910792
13.592278
8.678762
20.696494
23.639279
10.312813
15.598373
8.230402
19.433226
8.593023
8.569035
13.476023
12.343308
22.021592
9.547744
9.414736
12.496901
32.454695
10.668655
7.988838
20.233148
21.643402
8.398424
15.149579
12.763613
8.971661
11.664465
16.928163
8.738761
30.655137
9.69181
7.936367
30.975434
8.726811
11.496873
29.481616
17.863681
11.778691
9.81356
9.619229
8.097655
13.564961
20.989249
20.400339
8.410454
8.528109
9.369685
12.377958
9.230918
22.344346
12.593122
12.426493
10.473632
15.010685
22.031779
12.459728
13.898817
8.621484
28.668649
13.165273
9.798853
21.181313
7.944342
8.297531
21.603023
13.167186
17.689955
9.35303
12.136624
11.314343
9.742455
19.774641
9.765851
9.347492
9.224432
12.004478
10.468609
21.18896
13.16549
9.098237
13.433253
18.377621
10.867542
20.745007
9.593659
20.151869
18.773186
12.323536
33.541905
12.707507
8.623152
20.522565
10.897518
11.582272
9.513389
9.529279
14.200502
8.907238
10.322133
8.759936
11.874474
19.925007
30.109557
21.880848
10.585315
8.576767
23.029406
8.554324
9.096033
10.943134
29.811643
24.499936
12.168643
7.864392
9.746028
32.885293
15.473959
8.567407
11.151406
11.542009
24.35117
14.00157
13.904407
11.302723
8.706478
12.199083
8.582244
9.205981
34.92146
16.99447
24.859066
20.545807
9.528163
23.04436
8.56721
11.70843
13.418236
8.121573
15.672484
25.763784
15.913779
19.918402
8.477636
23.61288
9.485137
8.412686
19.426062
23.080075
10.936077
24.737875
8.588134
11.032405
10.268387
10.848664
13.996731
23.023369
11.066318
12.324802
16.063387
10.190579
22.321146
20.501686
13.678869
7.703261
9.495148
13.459971
12.816729
8.826616
8.036729
10.044633
22.539897
9.705722
11.217179
15.101755
8.746353
8.766808
29.23513
9.318242
14.970265
25.131423
28.668893
18.556248
7.869486
21.625254
13.030948
23.979226
8.685978
10.772312
25.903658
7.864122
8.610739
8.189244
37.983653
13.89525
13.453299
32.869706
12.858801
16.894257
36.866064
8.611126
21.386853
26.153466
13.699553
8.243505
10.166365
8.981576
26.138339
11.945067
10.193416
22.626956
8.517983
9.194579
11.965123
11.346305
19.077055
22.864801
12.117845
12.289757
13.1288
33.37971
7.689089
8.298445
8.175692
11.195614
12.013712
10.296438
25.205508
8.222812
8.979929
10.863693
19.845033
36.168345
13.009415
8.406356
30.623823
13.395894
11.868744
15.875761
10.098521
11.346732
20.475348
12.487587
7.782605
15.871969
10.273447
13.602222
14.92421
8.58115
29.12232
9.349137
13.03489
24.624537
17.665327
21.615623
7.425373
9.663637
13.380117
9.528503
11.793747
12.279362
8.28394
21.999778
9.699681
10.434224
32.943554
8.13749
13.828995
8.724043
15.525857
10.120683
10.943542
8.725552
8.439229
8.340239
18.444628
10.383057
9.983642
9.734719
8.399335
9.234452
26.090682
10.682549
12.112772
33.63695
8.799232
9.579006
23.063389
13.845938
8.727347
29.553778
18.247041
9.045022
12.564835
19.751067
10.409119
20.570695
9.586173
34.672583
16.365062
10.794936
8.183551
8.923276
12.044832
10.413812
13.130038
9.195141
34.213761
11.163345
8.371126
23.380071
8.583643
10.033005
11.610344
12.555391
8.802796
25.978422
9.411266
10.143776
8.991558
8.694943
23.119205
14.838507
9.097309
11.423203
16.665149
13.66758
9.926972
8.592622
15.088495
11.881382
12.144083
31.139238
11.420081
10.597354
10.922617
9.30377
23.329743
9.267952
22.300447
33.994855
12.124396
10.92554
11.265558
10.819792
21.752838
12.103566
9.491809
32.403023
8.357678
23.472514
20.810936
19.565309
25.106309
24.926793
10.115015
10.631322
10.246647
14.082674
13.836297
9.933701
9.287931
8.966987
11.766791
12.798145
9.553228
9.417716
11.882854
8.41082
11.260217
8.324836
33.284849
8.04951
7.963555
16.075035
8.419225
26.033824
22.368588
14.266837
18.887162
11.889112
16.20368
8.572478
9.625242
8.784066
11.883515
31.474121
19.322247
16.718165
9.514891
12.260546
8.397095
9.715911
9.041893
11.696765
10.96209
9.996379
27.67586
23.832084
11.261862
10.56052
9.210759
16.84648
13.290858
11.480409
23.784524
19.525713
17.497868
11.679029
21.582485
23.456652
9.337623
33.035417
20.274068
13.100081
13.295272
9.508395
9.078498
8.086664
10.684953
10.160245
12.486
11.962532
9.916366
12.394642
8.208873
25.288901
17.678197
17.56186
18.395704
10.492792
12.184205
13.752745
13.939602
11.705516
11.760901
9.946421
14.774607
20.261937
11.967404
11.855518
8.64268
14.766922
16.669933
8.748421
13.74943
9.16976
8.39729
11.775669
10.661443
10.628439
12.091303
8.795428
15.264757
16.831125
10.768692
11.307374
21.050358
11.498529
11.859685
18.181965
11.061464
15.55835
34.447591
20.822355
12.0929
27.220244
20.226955
12.373681
9.74903
11.257677
11.624622
8.081414
11.533024
21.961424
16.245736
13.771182
12.357629
9.092745
9.122094
7.630709
9.012807
24.194928
10.354949
11.131322
26.468181
10.204333
26.579643
11.35267
8.571977
13.985052
8.310415
10.342689
11.698651
10.356761
9.897492
15.130001
11.589389
11.923378
8.51361
8.484637
15.2886
15.450478
10.178274
9.711605
7.787187
8.199296
17.62477
9.262948
10.132777
9.78443
8.829471
15.233028
9.569101
10.275135
16.91886
37.22337
9.08105
9.179614
18.804597
9.235789
9.033113
31.445803
8.887946
8.259599
10.203046
13.277525
18.863584
22.066361
11.696095
14.204674
12.828289
8.387371
9.624086
19.661124
25.668163
11.209847
22.731946
23.855454
20.72533
11.101847
16.123611
7.958698
17.646742
21.371433
8.997477
9.117107
8.684788
8.472643
18.999013
8.7606
9.864177
19.472505
24.347935
20.858498
13.707951
11.503403
26.492485
11.289399
8.312652
33.550073
12.659103
8.248705
11.540889
11.458096
33.076165
7.620902
9.560933
11.910528
14.355943
37.796626
8.475954
19.791716
19.645764
11.832579
18.495426
10.170121
8.985104
7.985798
11.76773
10.677138
7.73651
10.452244
10.455313
9.947826
8.759363
10.628409
10.780341
16.695358
7.932221
7.951334
7.705587
8.057788
9.174449
9.54832
10.941354
17.570731
7.880809
8.739786
11.238308
9.234805
11.673022
10.300602
15.565251
13.05924
9.786386
12.75493
10.607623
8.266327
9.18299
12.853891
10.87102
10.901483
8.032208
8.074782
8.00098
8.596244
11.923101
11.357514
14.385569
13.905955
10.967279
9.265272
7.459079
13.081728
17.20505
16.055781
8.41128
11.539915
22.526475
13.678634
11.471232
9.007043
11.5712
9.055638
8.096135
8.917413
15.162199
10.606523
7.403104
10.961826
10.524769
10.561875
10.982083
11.940377
9.242553
9.772176
9.190884
11.991697
7.606955
8.179202
