0.57776
0.975108
0.839433
1.120426
0.827767
0.483889
0.632294
0.597707
0.498885
1.427525
0.873605
0.708413
0.599147
4.378616
0.547676
3.819505
0.854872
2.34917
0.956809
2.618951
0.526946
6.250164
0.859244
2.270243
0.592832
0.724064
3.471648
1.425359
0.950377
1.215109
0.492139
0.645137
1.789457
0.931011
0.489655
0.64464
0.510868
0.352571
0.459331
0.428826
0.489331
0.549463
0.460685
0.460813
0.31676
0.387336
1.407611
0.521841
0.789007
0.441731
0.470251
0.46503
0.762627
0.908495
0.517572
1.621407
0.427453
0.490358
0.522213
2.827785
0.852693
0.66292
0.605093
1.112512
1.374554
0.825803
0.597417
0.831363
0.681719
0.46728
0.341178
0.445392
0.640982
0.51362
0.431643
0.538793
1.093817
0.466149
8.695182
0.487256
0.427694
0.513709
0.962995
0.868229
0.504078
1.040035
0.464255
0.684696
1.129309
0.352573
0.452896
1.254474
0.536807
0.34624
0.887758
0.315233
0.487506
0.594184
0.976524
1.096731
1.011198
0.321794
0.520005
0.450423
0.376049
0.478722
0.80796
1.012804
0.811498
0.56577
0.818094
0.460788
0.463639
0.30634
0.381204
0.665209
0.870811
1.055792
1.039055
1.121582
0.464481
0.486854
0.756806
0.534951
0.473255
0.975136
0.964672
0.729322
0.602052
0.496363
0.752328
0.521129
0.62341
1.069207
0.442373
0.498352
0.516117
1.168167
0.446169
0.408413
0.684317
0.93203
1.236589
0.727127
1.002777
0.565328
0.682923
1.323835
0.317177
0.532945
0.599011
0.742068
0.844919
0.786647
0.502791
0.391015
0.393048
0.534939
1.05421
0.48062
0.464939
1.057274
0.535374
0.53574
0.615723
0.480965
0.754708
0.501407
0.816243
0.534299
1.006661
0.600438
0.897601
0.531283
1.679708
0.450989
0.464463
0.560221
0.819695
0.539986
0.467869
0.401726
0.668392
1.169274
0.505678
0.447833
0.403276
1.234153
0.683447
0.465078
0.520251
0.627476
1.114857
0.788229
0.90275
0.977178
0.681423
0.653154
0.449004
0.470583
0.673705
0.964985
1.829655
0.765577
0.533114
0.687333
0.458141
1.797969
0.483215
0.640042
0.96572
0.512887
0.690441
1.071264
0.439301
0.920426
0.483476
0.456367
0.432527
0.641787
0.4936
0.551931
0.929331
1.046713
0.348418
0.579706
0.597723
0.843031
0.599707
0.54849
0.842832
1.451504
0.517071
0.49772
0.331443
0.584384
0.803735
0.346109
0.295179
1.29975
0.323093
0.564585
0.422349
0.476569
0.493643
0.733387
0.448159
0.796623
0.772286
0.511183
0.608086
0.39221
0.97632
0.32961
0.510356
0.460215
0.327352
0.46025
0.502596
0.62618
1.197366
0.48102
1.404689
0.525565
1.167635
0.528753
1.018267
0.525738
0.388827
0.775196
0.30597
0.791547
0.597582
0.576481
0.303114
0.768155
0.403197
0.624279
1.747294
1.290969
0.904259
1.666452
0.882537
0.356661
0.452858
0.618647
0.564761
0.342629
1.477973
0.326122
0.624588
0.527414
0.364283
1.351208
0.5
0.741168
0.539764
0.540373
1.059441
0.751769
0.474693
0.534669
0.701603
0.906584
0.348678
0.66789
0.754893
0.512458
0.525349
0.383205
0.873942
0.953941
1.128794
0.771504
0.533002
0.342713
0.340872
0.616249
0.87467
0.619012
0.67702
0.384093
0.520643
0.600924
0.503718
1.099541
0.489891
0.468543
0.599965
0.546621
0.511599
0.722279
0.53301
0.520572
0.532458
0.549262
0.482904
0.474548
0.498677
0.491267
0.491055
0.30835
0.290585
0.44192
0.750593
0.663106
0.440895
0.548564
0.536228
0.621787
0.332628
0.508047
0.324665
1.521728
0.426398
0.934625
0.456216
0.859093
0.444588
0.325543
0.496087
0.6167
0.29769
0.480414
0.893484
0.504083
0.581791
0.711886
0.46508
0.448403
1.29221
0.44171
0.861617
0.622401
0.895511
0.282347
0.486518
1.491386
0.558479
0.525326
0.437659
0.499707
0.504769
0.706102
0.314185
0.289785
0.313193
0.570741
0.646233
1.002436
0.840522
0.62864
1.103434
1.172473
0.32655
1.090729
1.105197
0.478644
0.501789
0.902073
0.781866
0.699289
0.3653
0.97618
0.636251
0.833297
0.515915
1.047939
0.70217
0.391716
0.89979
0.61684
0.628791
0.570743
0.303434
0.536681
0.453551
0.536122
0.47322
0.407086
0.309244
0.81828
0.637906
0.667671
0.328324
0.809225
0.696485
1.447181
0.381055
0.309151
0.704048
0.558351
0.368079
0.806475
0.741066
0.595499
0.50844
0.597396
0.478108
0.292485
0.913552
0.806103
0.340729
0.629707
1.500506
0.754853
0.348229
0.572467
1.03849
0.564214
0.511152
0.536094
0.809312
0.844437
0.513797
0.700117
0.387426
0.477916
0.412081
1.169243
1.243443
0.56395
0.812271
0.379281
0.721505
0.883324
0.397084
0.490958
0.589977
0.6456
0.470738
0.512633
0.496467
0.665724
0.344703
0.495575
0.320278
0.801892
0.488261
0.341261
1.450265
0.738827
0.569783
0.636108
0.99254
0.661946
0.324787
0.372551
0.558863
0.626541
0.542392
0.950035
0.576033
0.585718
0.556198
0.307566
0.314561
0.95637
0.534697
0.698378
1.549485
0.77005
0.342761
0.556893
0.466646
0.389206
0.572188
0.860327
0.854174
0.356795
0.588556
0.665152
0.593425
0.631012
0.331879
0.320521
0.323107
0.740475
0.681854
0.424155
0.628886
0.46492
0.355559
0.88861
0.466157
0.345664
0.628227
0.805951
0.7224
1.26211
0.678025
0.776982
0.775206
1.552531
0.321627
0.366127
0.499697
0.389821
0.480065
0.739725
0.428677
1.015722
1.037865
0.396777
0.399867
1.01564
0.602581
0.888236
0.556504
0.656936
1.497107
0.450409
0.835297
0.619905
0.812526
0.564349
0.478256
0.54888
1.435985
0.526014
1.141449
0.503797
0.41313
0.463282
0.465944
0.953757
1.331065
0.600033
0.810723
0.32973
1.004411
0.606692
0.340058
2.232795
0.816347
0.424407
0.384899
0.801534
0.45698
1.231478
0.332885
0.318829
0.347772
0.507979
0.477495
0.42489
0.349478
1.139493
0.332406
0.547152
0.325381
0.332648
0.368923
0.422565
0.349812
0.323984
0.624243
0.874193
0.289069
1.369646
0.396093
0.665698
0.515554
0.434593
0.364373
0.302792
0.402077
0.700371
0.966441
0.536847
0.334712
1.02945
0.50201
0.34338
0.530937
0.454562
0.310278
0.303506
0.320275
0.476223
0.368493
0.488863
0.296153
0.368403
0.299384
0.34422
0.384743
0.308432
0.33448
0.34248
0.556118
0.396016
0.301101
0.40676
0.286201
1.606064
0.331434
0.330129
0.378971
0.357773
0.449226
0.602819
0.28198
0.340151
0.37266
0.484938
0.821367
0.303304
0.493109
0.406948
0.319592
0.318662
0.49511
0.32828
0.303016
0.336806
0.474431
0.397519
0.433856
0.311626
0.306777
0.29477
0.301618
0.311532
0.321511
0.299407
0.435637
0.371815
0.323143
0.76123
0.62187
0.849589
0.455368
0.867657
0.361665
0.309514
0.533201
0.433672
0.401111
0.396984
0.439094
0.341417
0.344391
0.557343
0.621677
0.906586
1.106276
0.592255
0.474313
0.497733
0.521301
0.49593
0.607282
1.060913
0.564934
0.841168
0.324913
0.326354
0.476269
0.405058
0.482871
0.327722
0.399924
0.533022
0.303985
0.331227
0.307911
0.321599
0.272143
0.286843
0.291129
0.310707
0.335376
0.695319
0.951264
0.452023
0.457301
0.293346
0.626586
0.476187
0.436137
0.278853
0.43908
0.391785
1.459299
0.272933
0.833279
0.480098
0.56387
0.26446
0.422379
0.350932
0.321189
0.460442
0.289232
0.607026
0.304514
0.458219
0.343061
0.28908
0.451079
0.463903
0.30529
0.287546
0.344082
0.29349
0.458429
0.440191
0.337313
1.01302
0.335001
0.405958
0.290985
0.434599
0.322723
0.482709
0.288595
0.496134
0.342788
0.390582
0.313371
0.350199
0.340686
1.05284
0.443451
1.499116
0.429944
0.822743
0.318895
0.442086
0.980417
0.445748
0.561908
0.448598
0.446096
0.393091
0.299796
0.274929
0.777435
0.258116
0.501229
0.345585
0.32524
0.323207
0.329776
0.547674
0.305515
0.314389
0.279697
0.484823
0.32021
0.32632
0.498735
0.474901
0.362776
0.294904
0.302122
0.329923
1.188096
0.494705
0.27669
0.282215
0.287205
1.297076
0.371841
0.403413
0.28678
1.038281
0.380966
0.283132
0.300393
0.323256
0.299562
0.439077
0.623941
0.379456
0.284683
0.335651
0.289922
0.348777
0.384012
0.285978
0.318201
0.588362
0.454162
0.423976
0.353938
0.570237
0.463886
0.474011
0.280738
1.412354
0.344574
0.285222
0.960663
0.321561
0.554635
0.325497
0.305604
0.420071
0.465356
0.314064
0.463447
0.36526
0.510984
0.365704
0.608926
0.593369
0.300098
0.800967
0.828481
0.54305
0.30783
0.542707
4.574361
0.315458
0.29591
0.425267
0.46937
0.313969
0.390328
0.753266
0.312749
0.418278
0.480371
0.347011
0.372327
0.275454
0.295225
0.35472
0.638081
0.328394
0.456573
0.596863
0.45714
0.376697
0.277811
0.589302
0.511736
0.601345
0.283346
0.306732
0.304648
0.457223
0.499351
0.403799
0.480905
0.842736
0.3823
1.646437
0.333239
0.344064
0.288504
0.316472
0.378488
0.329694
0.328318
0.377557
0.297951
0.318112
0.361908
0.317518
0.53506
0.289146
0.300228
0.34705
0.299904
0.328742
0.302487
0.332558
0.293625
1.478322
0.51883
0.435581
0.538921
0.358727
0.347168
0.351063
0.376277
0.291234
0.33301
1.034615
1.207969
0.296869
0.34777
0.422914
0.286272
0.509762
0.385665
0.585495
0.318369
0.284941
0.359881
0.298008
0.312083
0.404096
0.478967
0.496069
0.391367
0.335459
0.37274
0.307847
0.462028
0.45096
0.308848
0.511023
0.373517
0.691644
0.385195
0.358514
0.386176
0.547435
1.447562
0.31157
0.510791
1.20724
0.315476
0.543927
0.78555
0.456443
0.329279
0.464004
0.352191
0.319009
0.445835
0.325049
0.322826
0.51579
0.368168
0.443472
0.633598
0.473188
0.668957
0.541922
0.344736
0.78774
0.473651
0.473231
0.449166
1.487876
0.29732
0.411525
0.360984
0.431742
0.382134
1.074727
0.304696
0.570693
0.299328
0.407349
0.321522
0.301743
0.346341
0.471108
0.572163
0.289971
0.426548
0.371815
0.309991
0.302413
0.289666
0.48961
0.400116
0.428353
0.494306
0.306558
0.35022
0.623717
0.426409
0.337661
3.996099
0.424067
0.427293
0.358824
0.496997
0.756891
0.374915
0.515071
0.33458
0.325991
0.453354
0.370444
0.336877
0.341938
0.57228
0.275298
0.290925
1.7706
0.302162
0.29174
1.381432
0.329576
0.296018
0.347214
0.502577
0.679698
0.320675
0.777435
0.302411
0.332816
0.39228
0.302738
0.360973
0.362167
0.59009
0.285315
0.294046
0.549176
0.287114
0.396996
0.345407
0.364388
3.144396
0.282866
0.296414
0.348925
0.869976
0.287937
0.362516
0.834266
0.447025
0.467332
0.37803
0.288715
0.411355
0.274983
0.357894
0.53131
0.286925
0.288873
0.743803
0.429144
0.367328
0.428826
0.444594
0.264545
0.419817
0.466154
0.435467
0.282156
0.972672
0.564118
0.511588
0.329819
0.267638
0.4183
0.25296
0.46599
0.3058
0.269205
0.497099
0.265415
0.412371
0.283273
0.34305
0.341562
0.284419
0.280115
0.321111
0.818941
0.293595
0.686253
0.456962
0.454454
0.312648
0.652985
0.570604
3.6253
0.801536
0.291412
0.409254
0.292402
0.305711
0.256555
0.434443
0.370367
0.315988
0.274821
0.267742
0.326006
0.325565
0.399848
0.499522
0.346451
0.273436
0.934431
0.276219
0.282314
0.327512
0.365219
0.303263
0.515779
0.492314
0.311021
0.464281
0.810417
0.316193
0.35559
0.341894
0.534229
0.312337
0.406685
0.353368
0.338875
0.783455
0.405277
0.300082
0.311125
0.370179
0.94775
0.377921
0.548271
0.895985
1.667906
0.28125
0.311418
0.442735
0.333171
1.013526
0.293756
0.467304
0.400223
0.628589
0.621506
0.366649
0.530873
0.447109
0.481796
0.326498
0.3054
0.309037
0.402454
0.409385
0.522046
0.566056
0.377869
0.356464
0.320072
0.345323
0.73931
0.352396
0.92721
0.801194
1.590764
0.392432
0.474615
0.415629
0.599602
0.536417
0.303408
0.48197
0.3177
0.455597
0.811315
0.459631
0.387833
0.395377
0.848426
0.335633
0.301364
0.478532
0.553066
0.356799
0.54128
0.671522
0.370984
1.0808
0.347653
0.361589
0.354978
0.385172
0.288504
0.324508
0.313888
0.471044
3.228615
0.359804
0.548216
0.626075
0.596158
0.367369
0.700651
0.336934
0.405457
0.66473
0.91548
0.506742
0.361153
0.717476
0.838265
0.608286
0.68085
0.322809
0.594585
0.693947
0.375644
0.370801
0.58847
1.190738
0.519531
1.278323
0.618223
0.429192
0.729084
0.347209
0.308566
0.521651
0.476464
0.494876
0.66131
0.332874
1.067318
0.354802
0.56813
1.012923
0.46467
0.79135
0.974792
1.300492
0.49602
0.352864
0.349309
0.540324
0.684306
0.901325
0.547998
0.93189
0.36671
0.486529
0.572562
0.388707
0.533588
0.340873
0.498118
0.762588
0.740626
0.911526
0.823866
0.663353
0.591745
0.340516
0.632805
0.851992
0.462042
0.49376
0.427235
0.475914
1.005259
0.670235
0.544714
0.598051
0.37803
0.581666
0.550236
0.729612
0.571354
0.525339
0.650276
0.439073
0.674255
0.521694
0.614374
0.404387
1.730365
0.66996
1.134741
1.453311
1.282378
0.723365
0.56412
0.827411
0.447206
1.714592
0.566145
0.611819
0.594484
0.510717
0.572874
0.38793
0.444718
1.14813
1.797097
1.650364
0.530835
0.589792
0.613125
1.108732
0.374788
0.982892
0.762881
0.767898
0.43855
0.423649
0.901426
0.527504
1.150411
0.594972
0.585952
0.603952
1.039582
0.876544
0.516371
0.366834
0.382033
0.390101
0.577962
0.598865
0.332931
0.360491
0.560057
0.602619
1.410822
0.297977
0.617925
0.489414
1.185813
1.455882
0.583695
0.731522
0.365863
0.350023
0.44752
1.053541
0.643163
1.004031
0.527365
0.393854
0.58883
0.68626
0.681033
0.566473
0.446683
0.55382
2.121099
0.431221
0.754927
1.277586
0.321267
0.463635
0.805687
0.37444
0.513716
0.398147
0.534493
1.153647
0.371432
1.075201
0.861565
1.473971
0.622634
0.542253
1.188427
0.434658
0.430929
0.602388
0.93141
0.478786
0.583089
0.580524
0.547093
0.382621
0.50157
0.421235
0.667924
0.455236
0.571727
0.997922
0.527567
0.566949
0.543622
0.834905
0.546453
0.542637
0.765578
0.350574
0.874183
0.714299
0.544829
0.822103
1.462195
1.729254
0.577279
0.719506
1.434124
0.521479
0.691673
0.596201
0.710905
0.561545
0.580582
0.741012
1.038973
0.492315
0.672361
1.928146
0.404232
0.336579
0.783519
0.619195
1.570606
0.668805
0.357229
0.399394
0.610827
0.375027
0.583688
0.414849
0.519793
0.363564
0.478249
0.410036
1.286216
0.706348
0.724909
0.925043
0.346423
1.277661
0.884602
0.495588
0.433094
0.360993
0.36759
0.390083
1.51618
0.330742
0.354749
0.391266
0.919571
0.406631
0.512675
0.517077
0.604767
0.500778
0.568297
0.528193
0.513218
0.562504
0.575963
1.568104
0.429141
0.483936
0.587452
0.381814
0.934615
0.579442
1.348142
0.864366
0.618495
0.482496
0.984363
0.5732
0.412018
0.674098
0.556222
0.530999
0.514545
0.56722
0.718922
0.647321
2.476989
0.565594
0.530696
0.528822
0.477041
0.894498
1.000912
0.384043
0.399824
0.562616
0.904316
0.564277
0.409972
0.5157
0.553592
0.482351
0.343841
0.472776
0.576745
0.597521
0.50315
0.341745
1.589962
0.558649
0.551706
0.324412
0.423945
0.454503
0.525005
0.527137
0.559943
0.406379
1.021555
0.580704
0.337032
0.975607
0.458756
0.754674
0.344619
0.329976
0.528099
0.391397
0.828026
0.440875
0.599733
0.838471
0.395205
0.332999
0.881303
0.581911
0.555083
0.359663
0.477414
0.596792
0.761115
0.37981
0.447698
0.341869
0.597298
0.571351
0.625557
1.413914
0.552273
0.605027
0.748756
1.769094
0.471873
0.699189
0.321221
0.59174
0.646535
0.416239
0.40815
0.92879
0.49458
0.739375
0.379096
0.323735
0.568212
0.785618
0.570199
0.399495
0.745974
0.357912
0.620062
0.696697
0.320536
0.639087
0.560619
0.695002
0.800148
0.345005
0.795033
0.703172
0.630813
1.38909
0.574142
0.797361
0.537034
0.341685
0.360912
1.051407
0.54207
0.798481
0.844491
0.956723
0.544909
0.390505
1.520484
0.578996
0.389346
0.327649
0.529493
0.33608
0.59485
0.523454
0.903901
1.119879
0.504279
0.497669
0.522506
1.49316
0.40038
0.555565
1.096266
0.404378
1.518144
0.63165
0.345324
0.55771
0.360088
0.604252
0.680746
0.555218
0.769774
0.934794
0.550126
0.473529
0.544162
0.602202
1.011673
0.709382
0.710828
0.39976
0.546251
0.395746
0.420431
1.102132
0.592617
0.533926
1.266635
0.302836
0.563369
0.304039
0.340154
0.50796
0.383424
1.014115
0.427821
1.090179
0.599686
0.286256
0.38109
0.374684
0.624106
1.448106
0.300149
0.298023
1.0049
0.28516
0.517086
0.299343
0.69627
0.400471
0.421043
0.506514
0.404565
0.331976
1.173672
0.634028
0.516139
0.374234
0.454977
0.792982
0.538999
0.302895
0.379149
0.317023
0.322339
2.02562
0.724735
0.298303
0.496622
0.37814
0.321211
0.510914
0.337949
0.52834
0.525194
0.298013
0.426347
0.480402
0.373186
0.305077
0.311541
0.648999
0.354202
0.465819
0.352657
0.311284
0.464628
1.482465
1.016099
0.520395
0.522827
0.619973
1.263029
0.542066
0.502378
0.330732
0.944792
0.734395
0.52072
0.388875
1.920909
0.352463
0.50003
0.417068
0.422801
0.373875
0.531552
0.324433
0.332089
0.376687
0.532963
0.860254
0.52695
0.778203
1.08974
0.679177
0.871483
0.82297
0.398333
0.332215
0.942441
0.866058
1.046616
1.164835
1.561533
0.980973
0.877045
0.405097
0.383099
1.379516
1.802561
0.316733
0.51728
0.483909
0.349717
1.281873
0.518719
1.300413
1.543269
0.339071
0.522177
0.612596
0.326288
0.534051
0.795502
1.083147
0.572916
0.566395
0.417297
0.328392
0.435295
0.561663
1.095748
0.522363
0.381337
0.653046
0.307297
0.383968
0.405452
0.726958
0.496177
0.338807
1.023908
0.409584
0.380504
0.386289
0.829195
0.393693
0.763721
0.290773
0.64112
0.71045
0.355726
0.486108
0.51214
0.472572
0.545264
0.311309
0.338416
0.459439
0.613009
0.437051
0.544193
0.329257
0.382338
0.313104
0.461604
0.349784
1.015787
1.349134
0.401385
0.513666
0.325383
0.552738
0.329363
0.503675
0.325104
0.325819
0.461727
0.879827
1.375648
0.369447
0.419706
0.420905
0.309323
0.780619
0.355987
0.342345
0.537617
0.976111
0.781275
0.308162
0.296419
0.364485
0.542159
0.325068
0.554448
0.447055
0.364008
0.389603
1.346987
0.6629
1.619076
0.32409
1.10214
0.318959
0.292485
0.329427
0.302146
0.328952
0.562756
0.495824
0.351648
0.392098
0.335692
1.27764
0.338271
0.374095
0.545446
1.421118
0.532359
0.638157
0.848685
0.458588
0.302227
0.39502
0.963479
0.366915
0.372639
0.312235
0.497802
0.3092
0.575709
0.41864
0.571269
0.565102
0.843214
0.738304
0.838694
1.089549
0.535624
0.341921
0.414358
0.400414
0.533873
0.448306
0.714763
1.041127
0.591722
1.300735
1.049154
0.57507
0.50728
1.763657
0.383487
1.049813
0.635228
1.086017
0.317221
0.503217
0.311281
0.61276
0.463794
0.447764
0.346498
0.345858
0.303965
0.342128
0.332632
0.341309
0.263682
0.293503
0.299518
0.295483
0.2944
0.272947
0.504258
0.41926
0.318646
0.309929
0.263396
0.404711
0.328009
0.367187
0.297508
0.235037
0.363189
0.396686
0.522872
0.361739
0.262474
0.272037
0.972524
0.42196
0.271176
0.274622
0.474888
0.262201
0.535108
0.2571
0.272294
0.287731
0.475785
0.3742
0.457864
0.270617
0.518754
0.284547
0.443717
0.277983
0.474107
0.471182
0.364557
0.486653
0.54541
0.333064
0.410503
0.25474
0.3001
0.248186
0.46261
0.279695
0.386418
0.411924
0.318567
0.483038
0.906464
0.422042
0.30634
0.331471
0.38655
0.542162
0.354872
0.444054
0.303341
0.36216
0.29656
0.282544
0.508797
0.291984
0.295986
0.384713
0.391172
0.313897
1.087914
0.278015
4.203025
0.27488
0.356248
0.504546
0.439761
0.294761
0.588032
0.294333
0.279357
0.287107
0.278109
0.290097
0.333748
0.322376
0.297404
0.268224
0.364445
0.647659
0.54102
0.291699
0.822249
0.446952
0.286133
0.436842
0.39842
0.389094
0.78374
0.369227
0.303261
0.452726
0.333991
0.271454
0.815904
0.377668
0.283323
0.314833
0.418136
0.41173
0.433046
0.312902
0.401829
0.291848
0.466036
0.416963
0.268263
0.72517
0.255255
0.262346
0.391536
0.64807
0.586345
0.277835
0.466042
0.430163
0.362987
0.342188
0.280113
0.347216
0.38934
0.385813
0.475651
0.320175
0.27915
0.24563
0.258126
0.260183
0.291647
0.315847
0.968904
0.288881
0.254147
0.294791
0.301098
0.306554
0.370947
0.264617
0.272679
0.253784
0.289494
0.245753
0.369581
0.929808
0.274269
0.870034
0.286359
0.273563
0.312691
0.267685
0.292098
0.397128
0.449739
0.26245
0.791677
0.565454
0.322784
0.242538
0.308067
0.685059
0.464977
0.409966
0.277015
0.246212
0.253187
0.3484
0.291206
0.252333
0.272845
0.689297
0.445286
0.237841
0.419867
0.453443
0.438695
0.24016
0.2694
0.24898
0.29804
0.24449
0.581614
0.258787
0.246811
0.5272
0.459349
0.39241
0.380174
0.431632
0.298179
0.28744
0.267193
0.530752
0.306255
0.316976
0.254195
0.352564
0.625118
0.484591
0.561239
0.275525
1.098943
0.935191
0.271621
0.838523
0.314764
0.273385
0.415659
0.260764
0.341897
0.2769
0.594711
0.328426
0.24697
0.259636
0.298631
0.268393
0.246692
0.336943
0.278611
0.26033
0.261562
0.24937
0.339849
0.24605
0.416136