18.807739
19.143505
16.778002
18.98568
14.403651
25.613541
18.03518
16.517374
15.957429
25.225987
17.122007
15.379775
17.267592
17.574192
19.031491
16.414471
16.521858
18.233195
16.624895
16.776229
15.037878
16.909626
16.657081
15.777768
16.350555
16.592201
14.821671
13.958097
15.002359
16.151051
17.96438
17.886305
21.295593
14.882367
14.813981
17.671371
16.391008
17.942446
16.597231
17.881375
17.08194
15.41871
14.541992
13.870699
16.336653
18.81726
17.761815
16.498349
16.322049
20.877734
18.424389
23.308426
14.82603
15.035925
13.78353
15.981174
15.789678
15.232329
16.967786
16.707421
16.523925
19.287621
15.777748
17.12231
16.7037
15.94744
16.570899
16.635579
25.902992
16.410777
15.801215
14.489072
13.77995
14.77
15.741931
16.290361
15.115384
16.347877
15.394956
14.978411
14.554166
14.92856
17.334728
23.324482
16.481336
15.483659
14.81542
16.3679
16.013879
16.777088
15.451578
15.986446
18.752507
16.111263
15.907332
16.485557
15.196167
15.68926
15.800191
14.737071
14.730144
14.443865
15.865598
15.278146
15.449165
14.070195
13.852607
17.864189
15.578075
15.199185
14.882658
15.501315
13.959471
15.704543
15.34049
15.966338
28.224484
16.535146
16.985965
16.113521
15.768238
26.918485
17.217117
17.180116
15.994678
15.959262
15.364004
16.870437
15.189007
14.114346
13.978858
15.525791
23.171744
15.873232
16.235963
15.86677
22.514167
15.878149
13.791838
16.758247
14.052784
14.558006
17.494599
16.926001
15.826299
16.359048
15.929462
17.755045
16.363755
17.727545
16.903783
16.246044
16.40055
17.239927
19.706968
16.620614
16.163156
16.375746
15.073229
18.738383
14.732538
15.240721
15.580767
15.514834
17.180768
14.229999
14.258301
19.041604
21.829516
20.106201
18.644177
23.140309
18.212031
15.144339
16.534802
18.475558
18.503823
26.975912
25.66728
29.868793
18.642685
17.484237
15.170895
17.615059
23.294323
19.161895
21.130353
19.886733
20.673238
26.912557
17.414242
18.181641
21.069827
18.795186
16.222485
16.14645
16.989371
20.772915
17.160532
19.730341
24.197879
20.477208
17.750435
21.308551
19.52567
20.381669
16.033191
17.344597
17.587054
17.155994
18.659943
21.286916
20.863993
18.629529
31.14968
18.507145
15.852619
18.233251
19.875906
20.038007
21.543545
22.435892
16.180592
23.266341
15.992596
15.669207
14.983444
14.225896
26.679411
16.77073
21.979284
16.949072
16.817371
15.504057
15.218016
30.72597
23.727778
17.173448
30.967226
15.523923
18.592784
16.98424
15.93014
15.283528
14.111107
13.827478
15.180692
34.23405
17.312721
33.96463
16.986718
17.097219
15.628718
15.723323
20.295561
19.393988
16.910212
17.255067
19.925153
16.245815
17.191042
22.686737
16.283855
22.918919
17.43849
23.397087
15.397581
18.227292
30.296092
23.638999
14.858845
16.22774
17.087729
14.738677
16.322575
14.513947
21.165203
17.420543
18.622714
17.065246
18.109463
16.63503
24.501234
16.159849
34.488949
33.764907
18.848985
17.192562
15.477571
32.167839
18.410757
15.026725
15.198118
20.285014
14.970492
14.496255
22.395778
18.817425
16.641487
20.966419
15.503542
14.975033
17.358378
16.448671
17.109927
16.640268
16.498769
29.3215
17.594576
31.548553
17.044756
17.35691
18.016521
16.47463
16.98944
17.548824
16.068822
23.556972
14.346701
26.701446
28.67575
16.982455
13.585523
15.581166
27.695827
15.805436
20.720519
14.10902
30.528576
16.577844
14.321798
16.907324
14.579385
18.774996
50.334682
16.340543
17.186006
23.44339
17.074323
16.550237
23.184189
17.740567
34.299286
16.443679
18.303114
15.243622
14.406926
21.799645
18.878506
14.683105
15.621184
13.93313
15.600439
15.502285
15.906251
14.813001
13.404765
31.583267
17.010137
21.701836
15.177876
15.978722
17.055568
23.882954
16.514953
15.499101
16.565559
16.005715
15.624827
33.768584
14.569539
21.997579
16.87521
14.834369
20.932596
15.582408
14.470862
18.016546
15.755263
16.476507
15.523143
16.291137
17.59673
16.239153
23.8351
18.81812
14.799276
19.670624
15.623201
18.799055
16.168268
16.941964
29.921866
15.916896
18.3259
16.224545
14.398236
17.185811
14.970162
14.812869
16.036109
13.842906
27.696889
16.378397
15.743073
18.299321
15.583471
14.417845
13.916433
16.688193
16.284581
28.081337
16.038695
15.473891
17.561877
19.514396
16.908425
16.38233
14.858842
16.365465
16.980404
15.987954
16.430098
13.889927
29.341719
16.470368
15.892901
16.27156
13.602435
34.376625
28.007414
15.48202
20.988032
16.012628
16.056847
14.400146
23.816642
27.349214
26.59588
15.507724
31.221256
17.508506
16.691555
21.061472
16.188511
16.810581
15.907158
22.586355
21.664341
16.153217
17.085099
14.679518
15.55296
24.55726
15.48316
15.795668
13.494486
23.074026
14.799693
15.405249
14.885346
17.109525
14.165972
17.665347
15.764086
16.386654
15.818549
26.175057
21.95167
17.530712
16.845533
16.58143
15.599438
22.863311
17.760308
16.236595
17.008459
15.391613
22.099864
15.532713
27.29936
15.909774
16.641454
13.82319
14.688877
18.109988
18.54347
28.639213
16.171556
16.965719
16.398376
21.980283
17.16552
19.215385
15.36748
20.90027
16.697473
17.717871
17.682293
23.710027
17.343692
17.623119
15.214495
16.161424
17.61774
15.450291
13.619437
16.494664
14.908923
24.053902
15.766623
16.424084
15.748113
23.495754
18.821917
27.863462
19.806303
18.543729
24.747089
19.579242
19.70169
19.879492
18.731124
18.830173
18.621053
19.025462
36.886974
19.252145
18.197136
14.953932
15.928434
16.183478
15.576993
23.882222
15.237194
14.314235
19.451428
16.732945
34.845169
18.177057
23.224287
18.139346
22.858185
19.729795
34.934205
19.903554
20.248004
18.562372
26.88304
32.584517
20.249303
21.036161
18.348307
33.891177
19.586346
15.467271
14.837072
20.283262
15.391839
20.091182
16.377172
16.798962
14.800465
14.669461
15.66559
16.365271
27.173436
20.092227
15.142375
14.959663
20.674873
19.333962
22.417223
19.920361
31.298655
19.048381
21.667809
25.195397
19.553981
25.340682
16.534273
16.664754
22.529305
14.720219
15.667872
22.234964
21.426995
15.931095
15.259844
14.896722
15.456975
15.749582
14.677107
14.638859
28.250485
22.790743
19.851287
26.307626
18.991372
19.102227
18.963609
18.199375
18.973686
17.47796
15.417957
17.137691
32.425081
16.227275
15.834612
13.823456
15.776282
30.982496
16.129054
16.057367
14.628248
14.109697
15.585146
21.315837
15.687326
21.8424
20.021012
25.812808
19.083564
21.429221
19.944737
26.358612
21.848989
18.951885
19.687366
18.85455
16.091924
16.658896
16.696609
15.894791
15.489638
14.930521
14.638339
16.888311
25.947572
15.820278
23.272114
15.434884
14.939251
21.897274
16.325019
20.338812
28.934554
18.803722
16.812153
16.786772
19.92437
20.118346
18.515043
17.704114
15.866973
18.602346
32.099909
17.587805
16.281319
13.833555
14.895655
18.529404
16.32199
14.647067
20.349379
20.701831
23.316451
20.067857
26.386233
21.42778
15.298902
14.086738
20.377126
19.943492
20.032544
19.945581
41.877975
19.319481
20.062496
25.018313
18.210377
20.698646
23.605135
17.5828
35.640846
22.920072
27.684846
16.642393
15.235402
16.397066
15.476399
27.620448
14.791125
27.932305
14.82967
14.553803
19.379017
15.944898
15.37476
14.830087
33.113821
19.157543
20.774171
20.236426
20.832368
19.36387
18.471632
17.785253
16.757232
32.170417
17.087699
15.736862
20.473374
15.07619
14.797899
16.042203
15.22866
15.268912
15.132097
14.037327
16.983268
19.981234
17.970853
20.486446
26.665322
19.060873
18.638582
24.669716
19.700451
28.972866
19.705007
29.737208
22.923175
19.694093
17.775695
38.263539
17.679612
15.828181
20.729152
16.314837
36.477659
19.216034
14.567725
14.860836
16.308483
17.091654
21.760455
16.085111
14.664936
20.067496
20.39089
17.026196
19.965906
15.841013
20.541932
20.802273
18.674935
15.379165
19.587284
25.846602
19.403728
19.513247
20.271043
16.726194
15.216755
16.15746
19.545235
16.068456
19.480845
13.833544
19.348864
19.648308
26.905143
20.070783
25.672265
19.742038
19.153648
36.680579
16.461819
18.917323
19.292743
24.684155
19.73365
23.796414
16.86273
14.843827
14.87056
15.598768
26.713464
19.053719
15.567015
18.001923
13.96805
20.401728
19.429594
15.660036
30.834795
15.22463
16.65986
20.34829
15.50857
14.917954
15.295594
16.360637
24.928383
19.822719
19.147365
18.45577
20.210623
18.241694
19.873149
19.275575
16.60927
15.228557
15.043859
19.210816
15.629511
18.54511
15.987016
30.797685
15.585896
15.012429
14.432015
14.875518
26.778077
19.481049
27.347303
19.480644
44.804337
15.891084
26.08869
18.780915
21.410305
19.832086
27.295708
19.861755
20.532416
19.37098
21.446406
19.20775
19.769812
16.492444
24.21035
16.428931
23.726953
13.763979
14.902852
14.996116
16.346671
15.458665
15.353614
25.093906
15.894989
28.1863
14.523871
14.108094
20.233227
16.836617
20.194411
16.4375
21.360866
19.868863
27.215182
18.63108
21.988952
19.675919
19.259102
18.36296
19.492216
23.889855
15.422107
19.418397
23.157484
15.700417
15.775772
18.231487
16.333854
14.579007
37.662783
18.449633
19.237047
26.448845
19.919748
20.417943
18.202473
19.39511
31.315296
18.997482
19.105927
17.49107
18.951857
17.026216
15.091137
18.894926
15.707399
16.404339
15.233824
15.459006
13.998412
27.338985
15.688055
17.766196
15.702483
14.595526
19.778887
20.258314
22.896531
19.800711
18.512144
17.026003
20.411107
17.270086
15.86785
17.85743
16.352565
23.670784
24.82288
15.890164
15.427839
15.791647
14.277259
13.938405
46.99769
17.01662
19.490218
30.207386
14.650295
14.531428
18.341788
14.855279
20.395552
21.056348
26.504415
20.206024
26.275561
19.305706
19.42169
21.092609
17.548898
21.240777
19.241598
19.337325
19.223122
16.21568
16.492083
14.769777
16.175802
16.432039
17.411911
15.869329
23.547502
14.825576
14.476585
17.241814
14.982035
21.537738
20.337352
26.742004
19.531428
18.755447
19.393266
19.450242
27.56351
19.637009
25.351312
19.412658
20.388662
18.438747
18.154937
24.238712
22.454131
15.907759
15.99261
15.698676
15.516892
17.876651
16.058182
15.031278
19.12578
20.093666
17.142579
20.906514
15.553559
25.780192
19.773908
17.648351
27.618933
18.957225
19.192621
24.591503
19.565529
19.52673
15.411169
24.124971
15.161106
19.049981
19.173915
15.834641
19.901336
15.290027
14.432884
16.283216
19.57437
14.869401
16.132324
15.103068
16.14444
20.403909
20.688732
40.775108
19.694182
20.152053
18.60818
20.510013
22.156705
19.022655
16.922665
16.041618
18.512981
15.609563
20.090449
15.881673
24.502172
13.65983
29.682585
19.890925
14.735362
15.3727
15.728239
27.059149
19.823497
14.939344
14.554043
14.758063
21.364456
19.862114
27.118928
19.665999
25.447208
20.892814
20.208564
18.623317
16.719696
17.566527
23.541229
19.892446
16.181843
19.052309
18.330893
14.557729
15.900838
15.641364
16.85138
16.533449
16.849132
17.527415
14.900954
15.091368
15.547386
29.979715
19.034576
19.701309
19.702345
26.629929
21.750758
20.020066
19.884602
19.609716
18.795732
16.566431
51.10044
19.649516
19.408643
14.785698
13.62573
24.371719
17.861571
15.858099
15.676026
14.867649
20.203834
29.174569
29.904586
20.57656
26.010019
21.452396
15.75894
18.769897
14.763224
30.649665
20.740061
19.894758
26.434951
19.164833
19.093107
18.857391
18.893088
16.220697
16.686986
15.430568
14.552272
13.80987
15.20042
17.295513
15.444154
16.140946
15.472299
13.857489
16.311336
16.165643
23.788135
19.920804
18.842785
14.758246
19.844853
27.963286
19.709033
19.94732
29.474014
21.116919
25.451355
18.64237
19.275644
18.883412
38.164669
15.364803
16.624662
24.4928
14.138642
15.902648
16.122879
15.588082
15.713061
16.974539
14.771892
20.784712
20.342084
20.490199
15.046209
22.486541
19.907675
18.976479
15.483415
19.306334
20.748079
36.174623
17.452152
19.896106
19.208028
16.310041
18.652018
18.76415
16.117812
16.045868
14.605011
14.559692
16.121241
16.834972
15.807254
14.976348
22.802211
15.957916
14.410522
23.038236
20.405101
23.310491
20.523153
26.960993
18.622325
19.315679
30.97326
26.880612
20.323958
17.19713
15.811656
15.38269
19.783827
17.596713
24.293257
18.081686
14.964533
15.968453
23.361182
15.925095
15.098496
14.762911
15.894454
19.755723
21.683702
20.13442
27.923807
19.404121
26.13566
19.663704
26.117574
22.164576
19.71801
25.039772
19.600302
20.34782
24.216382
19.286815
30.334587
21.702915
16.104454
15.504099
15.387769
14.651664
19.794387
15.830872
20.095111
15.906137
14.839191
25.301411
20.315242
18.92198
28.359777
20.266199
16.238374
18.794701
18.72923
16.33469
20.373847
30.962268
19.542991
21.945275
25.917442
19.969104
17.329474
17.665839
16.305196
17.267278
23.646967
20.095644
16.233591
13.901618
24.460336
16.312217
15.438503
23.217128
24.029669
15.975578
28.336879
14.792487
15.066234
19.924668
26.489056
19.287562
22.905084
19.010602
18.929905
39.370158
20.071836
20.10327
14.769625
16.549481
16.463234
16.288191
15.72093
15.266758
15.077814
14.240647
14.093301
19.99417
19.360391
19.72205
35.265909
19.454724
20.058095
19.380926
31.253472
21.153625
30.875186
20.275362
26.784184
18.636765
18.185656
18.895122
18.199169
22.18958
16.436241
14.870677
23.848735
21.744939
15.739165
20.5661
16.15779
16.323738
14.07546
16.086704
15.585767
21.081048
15.404721
14.431383
13.980146
19.878582
19.994152
31.259424
19.52538
18.730971
16.534161
19.842925
18.959564
23.944269
18.53756
15.319633
22.417771
15.668457
22.549037
14.980147
14.588013
14.901117
18.266752
30.369075
15.773001
15.160476
19.806668
14.849217
14.563557
17.473988
19.867266
20.698029
19.789311
21.775769
18.857844
20.49165
39.940241
32.442473
20.184072
20.115529
15.590625
15.011216
16.152779
21.610358
15.4592
31.925771
18.54437
15.363741
14.387485
21.835013
16.036284
21.879186
15.388877
34.962808
21.874394
19.05421
14.79809
19.440785
22.609937
20.032087
19.845607
15.43741
25.392404
21.811904
17.794377
33.343323
16.376026
19.200604
14.88698
15.608117
15.698244
15.918105
16.731226
14.49166
27.923666
15.505248
16.296034
14.190641
15.486305
18.264084
20.122458
19.749074
16.434043
17.52625
19.146417
19.349052
20.945772
19.241737
39.30055
20.518774
19.991045
22.493459
18.568601
23.005658
16.66542
16.490042
18.163337
15.528661
22.640079
13.95629
16.457868
19.472601
17.913244
15.38251
27.572564
15.425116
16.720381
14.308755
15.116044
19.776829
16.733035
20.393911
19.974625
18.86357
20.770342
19.456017
17.786381
19.764559
16.189991
16.032745
17.040682
14.840154
18.531628
16.420343
17.919611
14.50888
15.652591
15.45827
15.111254
20.106445
15.371079
15.251652
15.87776
14.647356
23.619532
19.401651
25.707745
20.145592
20.022535
35.413017
19.468863
20.183846
25.467795
18.800491
14.461953
19.292549
16.86345
19.542391
19.928862
37.279841
15.906894
16.0806
14.210701
16.144493
16.855895
16.091987
15.912063
15.82397
14.875023
14.244082
15.034782
20.090907
26.622636
20.109713
14.900605
19.079324
18.931389
27.666573
22.376131
21.491429
27.751067
19.709021
17.076548
16.841847
17.789605
20.417115
15.928828
17.534704
19.043539
16.140777
15.780892
14.824083
14.67576
16.723153
29.465029
19.387548
15.375764
22.070993
16.01984
27.988832
15.433397
15.726354
24.215193
26.231562
21.481269
15.746856
20.007825
20.583759
19.056518
21.391829
19.81969
18.105299
17.965818
17.751109
14.383438
15.815036
16.391876
15.358514
33.566657
15.572319
16.08123
13.937127
23.717367
15.789104
26.716767
15.869321
26.913198
21.006917
26.987181
19.063926
17.520045
20.690728
20.910669
21.075402
18.669371
20.998252
16.12066
16.342913
16.980838
15.744754
15.613659
14.419438
22.238742
19.788119
15.829248
15.491708
16.371814
17.703474
16.231923
14.966981
16.871379
19.529247
26.192205
19.915452
33.369855
21.446864
20.244719
18.308882
22.926623
19.432659
25.109514
18.200165
15.397041
28.115054
20.284296
18.059908
15.841085
15.632076
15.146364
15.053488
14.293885
16.887529
30.540485
16.054844
16.948285
14.870864
14.686008
21.35417
20.092682
34.990129
19.891396
19.918612
18.634913
20.230481
28.932922
19.912206
20.585097
19.157661
19.205041
17.587932
21.826087
16.308659
37.436061
15.708321
15.740763
13.932802
16.13593
19.442861
17.571221
16.229148
16.925149
14.727477
13.847148
23.863194
16.70769
32.869111
26.329134
18.464733
27.520367
21.038709
21.015526
19.831034
18.382424
29.458241
18.038784
23.358164
16.808123
16.136625
16.648099
21.664192
16.380281
23.929606
14.309073
25.243714
16.765043
15.811655
16.808222
15.174752
15.755038
22.768834
23.972618
17.103863
35.854249
16.256961
15.171497
15.800451
16.46832
16.474835
19.064125
14.967572
22.57847
15.526891
16.246486
15.669833
14.960696
14.256268
16.061827
15.375806
13.996979
14.518605
17.651274
14.758277
20.332038
15.265202
16.05584
15.950234
19.57556
18.769442
19.385123
17.92778
32.91679
20.225428
17.640799
17.024742
25.159151
16.78149
16.969973
15.924408
14.833736
18.103452
16.375823
30.303821
16.068866
14.64281
14.694419
14.292239
24.164446
16.499437
20.273141
16.102812
25.105466
19.414418
14.955191
15.956995
19.000122
36.615605
20.095921
19.038087
17.907668
20.303848
19.27346
14.772677
15.959275
15.328595
15.33858
15.336422
15.596887
14.800417
14.578695
16.732612
16.593145
30.180421
15.647016
21.640614
16.172336
18.985529
19.647017
37.269412
19.590329
19.065236
17.811018
23.616603
19.186246
27.502077
17.135039
16.455584
23.864214
15.236573
14.980459
18.248686
15.652563
15.548657
14.864767
14.43268
15.987418
24.802809
14.44412
18.547913
20.665442
25.012253
17.197367
18.369702
18.514361
15.208761
17.845007
26.413175
28.593455
19.187122
15.988671
18.174018
15.798842
16.722306
37.486246
21.776425
14.523563
17.117296
15.479652
24.219529
16.428822
25.690711
14.782079
16.304817
26.810507
19.120387
15.436872
19.335988
18.506744
28.610399
28.388305
17.970116
29.683191
15.922511
23.597312
15.782835
17.166773
17.829357
15.055557
13.894815
15.851859
14.835975
15.784224
15.536385
26.440383
21.489236
14.507437
16.371004
19.248921
25.874329
18.922828
15.983424
18.09809
28.914783
18.310495
27.536806
18.070515
16.353816
16.368181
22.682275
16.948592
17.533546
18.110264
15.410077
15.446915
14.280376
31.376405
15.922182
27.245581
15.402286
15.226806
16.170359
14.413428
22.419853
18.534206
20.739243
21.024303
17.6956
18.811619
30.617485
18.750496
20.338887
19.870501
16.477765
16.133114
20.669011
14.757912
13.945272
16.778122
17.053558
30.197962
16.88155
13.999815
14.502494
14.697742
16.550864
26.088103
18.110264
18.196036
26.308851
26.421582
19.140918
18.147148
26.760498
21.37146
17.948334
22.551481
15.894405
24.97662
16.536563
15.265269
13.810065
16.039202
16.362005
16.029139
14.260662
14.573714
25.34615
19.094726
18.726505
27.872954
21.235052
18.268901
17.705056
19.249099
21.271381
18.707994
18.026384
26.183931
28.438038
16.775131
16.535365
14.991969
14.694138
14.988029
13.956115
14.656283
22.088122
17.279158
14.938699
14.06907
14.937514
22.566959
30.695337
18.806947
17.981371
26.687154
27.965417
19.132756
25.980973
18.198965
17.857347
24.285234
26.62829
16.745434
15.244779
14.888043
15.450736
28.296814
15.556112
21.471176
13.973724
14.330787
19.0087
15.50773
22.843801
15.765181
23.148989
14.567108
17.757748
25.956105
29.170506
19.879396
25.366169
20.537182
19.008492
17.796358
47.211061
36.315699
25.499698
18.418673
14.762319
16.214816
16.346121
15.652258
14.325494
31.590565
16.138892
24.622695
16.22832
22.552633
16.354357
15.893716
14.790571
33.034233
19.063114
19.172764
35.650269
20.440569
24.546586
19.499781
19.768206
20.129781
18.528159
28.828038
16.474768
23.573183
17.128961
16.920505
14.858461
13.683907
29.568711
26.399337
15.730676
28.136077
16.080561
20.166654
15.144505
18.115391
15.967462
20.403543
19.300361
19.080627
24.580647
18.530333
28.270309
39.086547
18.580265
18.836566
26.109155
15.623555
17.132504
16.328243
15.121296
30.860585
15.315668
16.473254
15.339394
14.50839
20.027106
18.299205
15.805846
17.391477
17.454634
17.096663
14.454974
27.516079
19.828724
28.6539
22.661432
19.254626
23.342327
18.289119
19.695679
16.857852
25.634407
19.128031
18.694001
16.193739
33.130594
15.963859
16.019191
14.712715
14.413596
23.28459
22.521958
14.013848
14.484734
27.417322
23.411534
15.473187
15.206555
32.069822
19.459497
24.964513
26.589114
19.119431
25.372283
18.084586
18.446289
21.973956
16.309123
16.052427
29.239999
15.001939
18.102676
16.309748
15.940847
23.741012
15.726552
16.535187
14.027331
27.750792
23.71361
16.262473
25.983618
15.479935
18.685764
19.577132
19.851604
20.20486
18.168756
17.854669
16.257344
32.561923
15.761172
23.639046
16.749269
15.622384
19.590478
15.783831
15.255037
14.924672
15.766357
15.551551
16.757404
14.29756
15.675738
28.050197
14.38499
20.762438
14.900856
18.883657
19.063776
26.509676
18.869394
16.328667
19.869533
18.560425
18.117723
18.756006
25.749633
19.66644
27.168083
17.796071
23.992833
19.860627
16.559394
19.853699
14.591765
16.224493
21.886355
15.865863
15.343751
25.606823
15.908092
27.372138
14.243872
16.608459
18.689473
15.489949
19.633535
14.581534
19.633075
28.257355
18.425135
18.919632
18.859113
19.413035
24.231111
19.090757
25.078006
16.962545
17.495256
24.784518
21.280377
16.301951
14.9131
14.014728
14.11717
19.575511
14.997985
16.147689
17.909815
25.3899
16.769723
27.267695
14.86222
14.803857
35.627292
18.422332
21.331603
25.76092
19.289669
35.653266
18.495272
20.0473
15.41792
18.675436
16.086718
19.869084
29.099293
15.255301
15.494699
15.035043
15.539375
18.550017
16.103296
15.475775
23.787546
15.522211
16.05468
16.195711
15.033835
14.928744
20.359324
16.623204
24.433212
20.118119
17.80519
19.825853
19.376104
18.298263
18.178659
15.867439
16.058195
22.571134
16.20629
22.279295
16.206486
14.714072
17.467909
16.927495
15.814103
16.878712
14.916216
15.576298
19.578414
27.082139
20.069717
38.765473
27.817423
18.187164
18.514257
20.149563
18.299454
24.026162
17.989594
23.117982
17.094239
23.737413
15.354403
15.452372
17.202243
15.661459
27.186029
16.230006
15.534983
14.716229
15.030423
16.98152
16.078839
21.006425
16.204005
19.74505
14.964742
14.645464
20.820857
19.509817
19.75821
28.772361
20.309732
18.94862
21.193313
18.020568
18.457581
18.893424
22.059287
17.548592
17.128175
16.01616
14.670411
13.930089
15.901847
26.227445
25.445348
15.506203
21.530046
15.8793
15.333299
25.952878
20.08068
16.515273
18.927745
18.149126
20.591258
18.224441
26.104169
19.818143
18.943155
27.941858
19.509721
22.508075
16.361538
15.965523
16.415169
17.150878
15.225888
25.170609
15.699003
17.489623
15.746167
14.663886
15.940079
26.96672
15.948639
31.07675
18.967612
25.68124
14.978844
18.893757
29.581633
19.148016
16.825666
18.901075
25.860711
19.028545
19.848228
17.040919
18.538865
20.884459
15.64434
22.735337
16.021262
22.466659
16.157034
14.861871
16.985902
22.649293
29.637599
16.366287
14.777909
14.871334
14.768324
15.591554
19.284607
21.059119
19.594563
17.990038
17.803247
19.71352
19.95253
20.074471
18.654031
24.965268
16.67065
15.749471
31.187154
15.745902
16.104355
16.008813
17.371859
15.7841
14.703563
33.300953
18.788472
16.051326
21.956535
19.062046
25.566581
18.948824
15.501272
20.835205
19.216794
32.609036
18.116855
19.386013
18.36855
15.808085
21.764397
20.290804
16.45046
15.881925
14.856706
14.198851
15.214285
17.207677
15.90673
15.775824
15.530599
17.638261
20.465131
17.258511
20.632996
15.486653
23.76671
19.073266
25.749072
18.720862
29.948032
19.322948
29.524715
18.625997
18.083636
18.74918
16.496104
38.664298
16.055607
16.838841
25.698084
14.690418
14.57121
27.806983
17.260196
19.054041
19.563317
16.363006
19.116511
18.779244
17.661379
20.179532
27.059128
18.661621
17.99585
18.367595
24.909657
19.25177
21.093186
22.166354
19.90771
16.321822
29.17274
19.273599
16.782002
16.589766
15.984299
16.065795
15.513918
14.122721
14.655132
28.46229
18.420572
18.76103
19.416449
15.218863
37.280431
19.03225
27.24736
19.945964
21.262775
19.351526
19.910063
18.484972
19.670013
29.754675
19.296339
20.892323
18.117958
16.420142
16.35233
15.509055
16.502851
15.890047
14.247555
26.120619
15.925156
15.119076
20.640339
16.455527
20.532782
15.289231
25.7689
20.006962
19.952344
32.123158
19.096548
26.397205
18.159641
15.909999
16.118542
19.217975
19.841473
23.158344
15.22178
16.274192
15.839652
15.868105
16.151957
20.725865
18.278026
17.702742
15.84255
27.025299
26.116646
19.336405
27.422178
18.96582
26.197592
19.123284
16.550523
36.350484
21.445824
19.298147
26.490933
18.275852
19.486023
17.003876
19.109016
19.481914
20.839155
16.478825
15.62701
16.077204
15.970899
15.863355
16.280459
14.865855
27.604946
15.236302
20.158493
15.251649
18.386659
25.311322
20.800805
20.717284
19.066031
19.222603
18.216977
16.996192
29.728259
17.50906
20.344751
16.289786
18.620917
18.803741
15.855079
22.217011
19.979948
15.987278
17.717067
14.347566
15.267319
14.148983
18.091113
15.624606
14.198371
14.032353
26.321843
26.80176
19.618091
25.645251
19.379452
18.276738
18.820903
26.002242
36.508536
26.007561
17.150778
18.408806
24.081565
25.386945
17.529834
24.490738
15.831057
15.516339
14.342884
16.259768
34.244033
16.382093
15.699539
13.796602
19.278012
25.930778
19.15553
21.70609
19.880746
18.136701
17.104055
19.878142
19.780845
21.658155
19.632801
16.51349
16.158974
18.9548
16.372923
18.963633
19.998155
18.373159
14.969972
20.06916
16.254781
24.359985
15.592393
17.345844
20.274168
15.19978
14.826539
14.655991
18.893035
19.227109
30.598893
19.546777
20.032707
19.076223
17.920791
39.247181
14.428847
20.084564
19.396043
16.117184
18.180871
15.061175
26.857633
18.224461
15.824478
22.17288
30.087464
16.191946
14.994098
15.407237
21.851524
14.245836
18.204513
16.267468
17.657703
20.36068
14.62784
22.124999
20.546093
19.873945
20.342013
19.410113
18.787349
17.924476
24.208259
16.575829
18.678742
16.887051
20.717592
16.763754
14.666661
14.64695
15.558497
25.141901
15.944763
16.068676
14.555694
15.014303
16.129156
32.978583
20.762854
19.176344
18.158879
31.480608
20.278798
19.179637
19.001432
19.81791
18.404436
17.903676
15.19508
16.770625
19.791976
16.330684
14.176944
16.051828
16.56108
16.106622
15.560174
17.157231
15.584583
15.078111
27.379282
19.649837
15.960051
17.170484
18.931002
33.726496
26.074664
20.693821
18.812809
19.172492
18.530184
20.996327
17.323011
19.533887
15.703784
19.052801
16.077079
16.581016
13.756701
15.583959
15.965066
15.641438
14.783723
14.023911
15.707703
22.164269
18.87456
20.949203
14.641834
18.193644
19.88444
39.14444
18.594583
24.094948
16.347182
17.279358
21.137777
18.142775
18.513027
17.619009
18.839061
17.701784
15.277108
18.354014
15.711712
28.80505
15.420411
17.925914
14.471235
14.14918
17.711474
15.556027
25.28524
15.795042
18.477444
21.422476
14.036791
19.236297
18.742825
19.908422
19.394432
34.313484
19.432528
19.527715
18.290439
18.141624
25.433119
20.486871
19.080489
14.90649
15.680364
16.237984
22.311146
15.761006
15.182775
15.898396
14.691817
20.004233
19.303196
30.815346
19.4514
16.465295
14.743857
14.179373
16.007253
19.639657
20.105075
18.96882
20.169151
17.985739
17.991802
20.168439
19.764736
18.421616
20.649488
18.955192
14.659084
16.472736
18.890319
15.653857
15.43794
16.010142
14.541672
15.069895
16.352398
26.101414
17.837506
18.377108
15.703267
19.474441
19.029414
19.084845
18.6136
22.115124
22.845683
15.679518
23.768612
16.043719
14.587336
15.092142
34.297735
17.458059
15.539449
15.72751
14.78599
17.498031
18.987135
14.523714
18.928809
25.78386
19.544947
27.274841
18.233747
26.949604
33.189513
15.123379
18.373035
18.186756
17.198901
18.840863
24.710853
17.209651
16.952285
22.31369
15.67728
14.419124
16.081985
23.722202
16.377163
14.689394
17.393772
15.677526
14.28918
18.312237
17.938693
19.259888
36.749959
18.309608
19.210725
26.664728
18.513645
18.517339
20.812164
22.277874
19.136031
22.182432
15.929382
20.60376
22.094434
15.571115
15.485922
17.73386
14.068132
28.865529
15.972536
16.89863
14.483892
14.838684
27.631969
19.324146
19.125244
19.955859
17.659598
40.658132
21.054284
17.954126
17.782262
17.376456
16.308145
23.100611
15.832786
21.700738
15.182654
28.184507
15.03274
34.499491
16.054425
15.459941
34.792948
16.152598
14.910934
14.809103
14.442461
15.219672
20.461411
16.735989
16.282759
21.279116
14.587103
21.052219
19.056545
19.647988
52.261575
20.112713
17.539343
15.603888
15.202904
16.592915
16.692086
16.450743
15.974442
15.546705
14.688501
14.600675
18.79646
15.861811
15.542574
35.464489
19.193154
15.175492
14.736301
15.108589
29.462956
30.298404
18.794847
18.233178
17.11852
16.868228
19.398712
15.70585
17.614599
15.2007
27.067858
15.833245
15.064783
14.139079
13.74238
27.944754
15.186175
16.822051
18.791678
20.871866
27.281806
20.021888
19.647524
17.921323
15.551198
16.86164
22.805564
18.073107
19.740782
17.294356
16.274629
13.714211
15.72033
15.197819
20.378714
16.243446
14.274732
26.527954
18.853908
16.087057
18.960383
15.610834
29.839581
15.5434
26.96521
28.996691
19.928015
29.967549
26.623407
15.924869
17.178477
18.263525
17.503918
19.016322
24.257711
16.361747
34.151113
18.36833
16.742584
26.828981
14.592753
15.959345
17.942175
17.056956
15.366447
15.636214
14.719725
18.379751
20.676736
22.204165
19.064044
26.265867
18.987926
21.30704
19.544377
16.823613
19.938112
18.720658
18.645959
18.311414
23.477515
15.601386
19.254645
15.850609
15.396289
16.689998
19.400597
24.512626
16.160183
16.39728
18.759593
19.630433
25.793858
15.312885
16.786117
19.697753
20.218895
19.660988
20.917975
20.527892
27.304693
19.001299
18.066521
19.492305
16.293604
16.26756
16.006883
22.867265
17.946012
15.45457
15.366331
14.200544
14.301571
15.836124
16.536123
16.459677
15.970049
17.795709
20.080564
16.416876
14.940432
20.479185
19.013816
23.321262
19.74726
44.113672
20.041086
19.863773
19.020481
16.205462
18.403438
16.640673
18.562088
16.316355
25.363011
19.40155
26.865306
15.698213
15.350207
16.485652
17.201909
23.719317
15.8497
15.106826
14.957486
19.368589
19.360449
19.85264
16.351068
20.040815
18.333469
22.450586
20.405958
19.927761
17.817741
17.337718
16.434956
16.231204
17.927345
15.218973
16.55437
15.907898
15.881624
29.413201
16.203003
15.0426
15.853953
14.595654
20.848402
25.610087
19.45495
18.211062
17.491582
28.205439
26.116897
19.386912
25.217333
18.581736
16.24606
15.267643
26.792136
19.167139
15.308926
35.064272
15.541201
16.14408
14.965416
17.066433
16.154809
26.66369
15.887047
31.16882
20.412792
18.099452
18.149861
26.424781
18.746209
31.34504
23.215053
19.017344
20.003777
18.068291
19.518398
26.069797
17.121328
29.493952
17.18166
16.371007
16.014946
15.715875
18.798914
15.4935
18.948872
15.66968
15.023768
15.426177
16.170219
20.269413
19.200684
26.473339
19.487468
20.478665
19.207223
27.152375
36.271758
18.406736
18.892671
23.362704
18.4897
17.868697
19.889961
15.809249
15.680582
18.025012
15.396214
14.978343
16.314498
15.291824
15.315597
13.993378
17.786033
18.853589
16.117449
28.295804
19.064544
25.553747
18.123416
30.527302
17.62763
19.149907
36.147724
28.880278
17.65312
18.583009
15.79126
16.103157
18.907416
17.792217
15.548251
23.055451
14.876811
17.481779
15.864402
25.512288
16.380079
15.341087
21.291439
15.196707
19.915309
14.401958
18.747633
18.559504
25.694858
19.000931
20.321674
21.847969
19.320336
27.203794
17.62144
17.876156
18.372767
20.183301
19.058721
18.502688
30.265143
16.592643
25.051993
20.686492
14.446527
15.776115
14.476616
16.106936
15.248904
32.645471
15.827451
14.713658
14.445132
14.394535
16.453958
20.006146
14.888303
24.546493
18.948942
27.806855
18.06292
17.788662
17.620712
18.314872
18.632356
20.933041
18.672044
24.971547
16.715639
28.596705
15.179205
26.294957
16.176703
22.13114
15.724679
14.43553
15.478059
17.207534
15.928781
15.47343
21.16839
15.961094
21.630668
14.906079
15.264754
18.861057
23.318936
18.16087
25.806281
19.004992
20.972987
18.55482
18.355911
20.217774
18.87178
36.352927
18.129172
18.575235
24.177335
15.485116
16.705113
16.338133
24.231239
29.588281
16.102772
15.245071
14.900552
14.718968
20.648654
15.624529
25.674092
18.766854
14.571853
15.960795
15.818351
17.474594
30.843102
20.944016
15.73001
15.991719
17.505715
19.199785
16.038168
17.669832
16.140858
24.25862
14.57882
29.252282
16.664509
15.800626
18.587757
15.574527
14.363564
16.961315
16.61012
15.893525
15.411936
17.991155
14.844556
19.077945
26.415128
28.438209
19.194167
25.116516
18.874942
19.550591
17.568092
25.78834
21.106993
18.734868
23.829868
16.769355
25.671497
15.042474
18.383209
15.34377
15.764668
15.943496
14.477683
16.344887
15.600834
14.06147
27.214912
19.087163
15.415773
30.117939
18.320855
15.248455
17.936607
14.514973
18.599956
26.754564
17.580094
19.361476
18.800984
18.97029
18.603522
19.639894
15.033627
17.043847
16.651872
15.709974
16.017117
15.12815
18.513886
15.859376
27.621889
25.67151
16.001071
25.148339
15.613893
26.995476
14.859795
16.348945
36.374441
26.038793
17.924646
18.709831
18.335345
26.701097
17.801471
14.815457
15.547178
26.022664
16.06597
15.452558
13.91677
14.017609
16.246629
16.722226
14.736086
14.336839
18.704933
19.445715
14.664282
19.39835
15.197245
18.622284
23.371051
19.164443
36.657559
26.10229
17.646452
18.615961
25.966325
16.405389
15.795903
14.262646
15.478088
16.504081
15.28014
14.327682
29.001375
15.480463
15.796263
21.021993
15.507204
14.85154
18.504094
31.836884
19.713935
18.744945
24.78928
18.097366
19.132704
18.75229
17.169268
17.769524
15.634387
28.711515
33.52011
16.246308
15.849471
19.164945
14.700931
17.318614
15.798505
16.341015
27.597475
14.647947
14.492717
18.421909
15.562527
17.860899
18.83744
29.081677
18.682083
19.271091
17.716921
18.673592
18.4308
29.442418
18.169137
18.837384
17.886188
15.466543
29.078668
14.051698
14.457642
16.339996
16.227395
15.569207
15.376739
15.511786
14.12078
34.50975
28.016243
18.826272
27.186322
21.994207
18.990509
18.073957
28.496987
19.198522
27.380029
30.613279
28.264139
17.028748
16.856573
17.464348
16.056854
14.255005
14.694326
15.706593
16.109412
29.70311
15.814135
14.136583
15.593901
15.357005
14.332762
17.576658
16.242612
18.03211
18.495655
24.571229
19.21232
19.378049
18.728168
19.678402
17.110478
16.297024
16.597798
35.433747
23.580214
14.979723
14.832488
16.170059
15.398314
30.60288
15.869818
15.038633
16.093877
14.484377
25.518366
19.027728
21.550768
20.558254
18.934125
26.953434
18.219073
21.417727
27.396845
18.694611
23.278023
18.606146
18.191424
14.92366
16.320323
22.511112
15.704666
15.692689
16.907959
16.60695
26.524555
14.86504
14.071747
16.365237
33.577567
20.706138
15.453026
25.443566
15.250604
16.765577
18.904409
17.508032
19.309838
15.101071
26.16189
19.288932
24.611463
17.631206
18.198561
19.231886
18.239592
20.280819
16.780103
21.496051
16.206429
15.681654
21.073373
15.781134
17.329984
16.062525
25.101699
14.824526
17.229643
18.906746
26.25335
19.149125
16.743552
18.775473
14.765502
18.673455
18.24081
25.55441
18.860852
20.816693
19.286104
17.221133
20.981411
19.443348
16.205027
38.974189
17.315615
16.210009
15.103854
14.926564
16.21115
23.826377
17.224856
14.949257
16.139998
16.057317
15.107447
19.255031
25.934304
19.279818
15.286021
19.501838
18.624848
19.833688
18.140646
17.085813
27.698641
19.142497
19.457459
16.836175
25.726019
22.714129
17.738071
14.710749
17.199067
16.472684
30.622599
14.984262
16.670226
24.850291
15.821007
16.008934
20.73075
15.784277
17.804223
17.786078
19.625835
21.715908
19.201174
24.582261
19.36251
19.005158
17.490856
18.639027
16.88194
38.376118
15.820476
15.142319
14.243763
19.460129
16.099567
24.257594
14.939388
15.617005
15.872497
16.184217
14.275618
19.098667
18.583567
24.333392
15.528024
16.263449
19.604555
18.45879
20.165583
18.164971
18.59105
18.652414
18.414714
16.246861
25.610993
14.94178
14.996466
16.207801
20.588285
20.520673
15.463906
26.576376
15.532022
27.463073
18.682037
15.441822
19.347133
29.44465
18.863354
18.987494
19.303685
17.760798
19.115705
18.740231
18.021884
18.917958
17.029783
17.485294
15.743826
16.031694
15.474664
15.379339
15.043598
15.424787
28.663936
17.39195
15.6501
29.521475
18.901117
15.346191
18.331986
14.69714
25.620309
20.53485
18.8077
36.412243
17.352468
19.176489
18.717076
18.747967
18.767132
16.483272
18.333748
16.21109
23.79399
15.330078
14.975472
15.959049
14.907433
16.176019
15.309748
27.60648
16.400822
16.341136
14.162314
14.749102
15.446341
19.295014
15.030939
24.116893
18.776909
18.777468
19.900855
20.220486
21.664323
20.880707
19.294791
15.842162
24.741488
15.996545
15.840165
15.38454
18.247204
15.915955
14.742679
31.809769
15.912502
16.236041
38.302074
19.659564
15.667753
24.548724
14.558001
16.016964
18.436214
16.969789
15.501382
21.010104
18.416152
19.604583
18.66206
18.206706
18.937304
18.273966
29.957432
18.391361
15.474376
15.835604
30.198504
16.298581
21.183412
20.495814
15.393305
15.342044
15.572713
15.205908
19.551406
15.730984
26.362121
19.983882
19.793165
18.172909
18.103488
18.292962
18.568599
19.574212
18.192779
26.177994
18.672257
17.920644
23.558316
18.203917
16.644393
16.383775
22.859816
14.476643
14.326842
17.817971
15.599337
18.320305
25.602982
16.037759
17.068982
14.841714
14.26463
19.599108
19.894752
20.810172
18.44231
17.955128
21.488972
18.673353
24.934694
20.478628
19.231913
24.61093
15.67978
15.692948
16.828037
15.371379
15.204955
14.412562
19.820831
27.738307
15.854775
15.914781
21.478684
15.737306
17.669546
18.313488
19.447761
15.471857
29.906262
18.897564
20.315122
18.968742
17.70954
26.342164
18.297187
21.63209
20.610329
18.085142
17.692731
17.466301
15.339826
17.099777
15.692478
23.802133
15.928399
17.626084
14.929356
14.369314
19.093264
15.889816
20.012869
18.053549
15.824097
17.300828
18.819221
17.203558
22.035631
18.902047
25.193999
17.898325
19.422898
15.633969
19.33265
23.55656
23.289824
16.023665
22.080504
16.412466
14.406398
39.29677
20.699989
18.081519
18.007628
14.736345
19.489446
14.824629
19.695156
27.787445
19.737624
19.958332
17.956502
15.560028
20.558802
18.957929
17.957015
17.320535
15.942018
15.10651
16.689344
15.934468
16.398926
15.844797
14.579745
14.323162
23.904742
15.424714
30.369071
18.895547
16.233516
15.357548
18.344512
26.747955
31.757015
27.362189
18.051528
29.731735
19.682086
18.548682
16.873184
19.637871
15.354659
16.196315
16.101849
16.568847
14.996265
14.646793
20.666836
17.637805
18.245421
16.056492
25.536523
14.588832
20.439313
19.570904
15.311357
20.682068
18.243917
20.944529
17.498782
20.105815
19.0981
32.038627
19.1684
16.100963
15.217475
15.90853
15.913923
17.73229
15.096967
15.622187
15.192403
17.388088
15.550443
15.829966
15.559056
16.196483
27.268378
14.892589
15.022544
19.469001
20.547432
18.92041
18.372395
19.327029
16.920565
21.552671
16.708785
16.698154
16.531044
18.245471
15.05256
17.262025
17.803346
20.398301
16.41347
25.616324
15.482919
14.061824
32.108361
16.293156
16.683915
15.004374
14.778911
27.636507
19.80883
19.628419
21.635677
19.654303
17.904364
19.175087
16.085611
24.293837
28.248324
19.097959
16.322961
16.274109
23.067038
16.22675
21.938265
14.885539
13.671038
15.116818
16.946497
17.129969
15.949444
22.464036
14.581929
26.795819
18.961233
18.840147
31.472179
18.877727
19.161051
18.813935
18.224422
21.012197
25.509738
18.827269
32.285312
16.781781
16.24263
14.467401
28.753441
16.742548
29.346799
15.949688
17.219551
15.247932
14.816429
15.761608
15.693849
15.935232
17.661943
24.879821
20.798412
18.978147
19.213979
17.997365
17.848089
25.767382
18.016214
15.040165
14.416721
15.441654
20.823675
20.234078
15.763692
19.89292
15.396122
14.937727
18.103938
16.066494
14.467674
18.034111
14.580634
18.22932
20.197519
18.814145
18.003036
41.800305
15.558462
18.839012
30.105303
18.901182
15.656795
16.469624
15.767998
15.359236
16.083182
20.612268
16.04772
15.311536
18.001464
14.599987
16.786631
15.254339
15.929354
16.368582
14.703839
17.803276
18.730034
21.16037
18.929127
19.368996
20.136001
18.342697
17.620547
17.664328
26.475923
18.931136
17.797984
17.253196
16.927495
15.22097
13.855168
27.129975
15.465505
25.341872
18.736466
15.719241
14.429837
22.282209
18.458679
27.219288
19.388335
15.212112
19.369631
18.655862
26.886529
15.009024
22.903651
18.857601
20.152671
31.333835
18.618344
24.964503
18.553576
14.792746
29.743154
18.685735
16.460169
25.302232
16.418247
14.408381
14.009515
18.043478
15.145135
17.067071
15.177749
31.875845
16.563058
16.165183
14.800876
14.48376
15.302102
18.82405
16.240939
23.300461
18.676502
25.274231
18.089872
17.01
18.831416
26.756521
18.994456
18.471663
32.905527
16.338115
19.466912
15.471789
15.52503
25.63216
15.434279
14.336962
14.436526
14.215802
15.096801
31.584708
19.725922
15.648192
14.89682
18.610393
24.231461
21.227121
19.216101
19.793228
18.503981
19.175609
19.388214
25.119347
18.046433
18.566392
15.408782
15.210979
26.417702
16.367207
22.246037
15.574687
14.251741
14.567695
17.07303
33.958807
20.92199
15.613494
28.216075
14.831155
16.166262
19.663687
17.488863
26.234776
18.831107
26.621532
18.599389
19.435181
17.957469
24.397299
19.448941
19.472129
34.807819
16.592165
17.924954
18.803836
16.406929
20.184205
19.259637
16.540845
15.109698
15.004842
25.766534
15.695398
22.832658
15.357169
14.492129
25.342174
18.09494
15.862538
26.175861
15.178198
17.988807
18.952507
18.876645
19.739849
19.321075
18.257847
24.699259
37.54715
15.961631
18.775817
23.410559
15.40339
15.269613
15.491328
35.965219
16.912365
17.956579
22.228985
15.661611
13.888517
18.263828
34.818188
15.104121
18.246207
14.774498
21.299425
18.660775
19.326519
32.149625
27.682202
18.448905
18.30364
21.080505
15.574451
24.822735
16.155639
22.802693
15.728559
16.06126
14.76083
15.701446
15.397395
16.496701
27.110068
14.976988
14.370122
18.697362
31.3873
18.957137
15.767017
18.901735
18.038907
28.611144
32.992863
26.236311
18.194748
31.509282
26.033567
23.897153
16.456351
15.765014
14.533781
15.187981
15.582498
24.021731
20.455935
15.403332
16.573892
14.383649
18.701357
18.65344
31.172358
18.3313
26.096571
19.469438
18.920815
17.724495
18.574844
19.503004
20.934038
18.518681
17.971002
15.200872
17.02364
21.573259
15.844133
13.987029
30.965291
22.506429
14.683636
16.192287
15.166172
14.914433
30.269094
16.398659
21.427152
18.769081
17.872484
15.170333
19.010636
19.647684
29.464755
18.908657
18.496311
18.934739
19.704444
16.214646
30.809924
15.803814
21.047511
17.461468
15.681814
15.072748
16.635447
16.287332
22.888662
16.2542
14.572262
20.402306
15.43855
14.434645
14.206946
18.872949
18.900495
31.474193
19.894806
16.405225
18.747188
17.65939
19.071733
19.055225
32.896473
18.135959
18.580413
15.321984
15.396476
15.88991
16.261173
24.849214
15.803514
14.019006
15.940847
37.051517
20.317588
18.946294
26.778065
14.89279
15.553602
19.400329
19.348993
31.204566
18.718446
25.712066
17.808949
28.234752
18.854503
22.46619
18.530623
24.316218
15.801776
15.049988
19.697695
15.077055
16.142315
15.347854
33.106627
16.083815
15.990133
14.709315
14.474818
20.428742
15.94142
16.066249
18.466233
15.368519
18.094922
19.075224
20.891277
14.981775
21.184174
19.403031
18.666409
22.555994
19.029911
16.80561
19.465067
16.139364
32.267485
16.578677
15.693509
14.377155
14.434274
21.899357
15.868174
15.202677
18.467813
21.415289
15.551264
13.878064
17.153032
17.647018
19.584458
15.438155
19.166056
17.994503
19.62298
18.035987
34.588376
19.20188
18.101975
15.934704
15.49011
16.907739
15.608891
18.505925
15.411795
15.08024
14.350095
16.123439
30.704129
20.703825
16.029563
25.587201
14.780563
15.198224
18.891669
26.186349
19.313819
18.480588
25.775419
18.017465
18.768997
19.799765
18.556237
18.543414
16.76972
15.988769
15.777569
15.611485
26.511457
17.356892
15.106332
16.09289
14.326512
15.855213
16.923732
14.886585
15.94699
18.570415
15.77209
16.323063
14.595608
18.533338
19.126282
21.503205
22.888026
19.135145
19.672266
17.663428
17.843459
20.542821
19.10131
18.892396
19.398297
18.202803
16.56465
21.053729
16.430309
38.50591
16.575353
16.73724
21.809046
14.731525
15.522026
15.046366
16.7108
27.292
16.066275
16.441554
15.368388
14.62476
18.646415
16.000677
19.654415
16.047523
19.758107
18.396462
18.474731
18.324579
17.660387
19.084839
35.317389
16.478989
18.18117
16.232896
15.969836
20.670813
22.769833
15.784834
20.391435
16.260554
14.944507
14.169143
19.484109
16.44947
26.290146
15.84111
18.745246
25.837435
14.8511
17.557698
17.704616
21.415792
17.428239
18.742701
26.284251
18.300132
18.23511
17.364742
33.039613
15.901389
16.779071
15.030023
16.003497
16.532288
15.324844
14.616292
18.042768
15.106318
17.342187
15.245677
16.441381
14.902485
14.772435
19.092264
18.48736
19.172779
25.900311
18.069111
18.706731
18.723622
22.172284
30.504567
18.155013
18.402781
18.784134
20.304461
16.612942
31.170401
16.822565
15.802914
14.223701
15.82163
15.475547
15.980638
25.035736
14.453439
14.680688
18.543546
16.764518
21.261342
22.958737
18.688909
27.874725
18.380757
18.849211
19.745645
27.65067
25.139946
18.641483
26.476354
17.890302
17.653963
15.166852
23.061134
16.22219
18.996446
17.654096
16.665548
14.520508
14.774152
15.538609
18.168128
15.668528
16.044803
14.863305
14.984997
18.880044
23.540146
18.604091
25.6345
17.718156
19.502679
18.888999
26.959141
18.892855
30.546956
19.602297
19.346386
16.830164
17.428404
16.747959
22.167697
16.46553
16.236124
14.668392
14.871815
15.678561
29.864279
15.370734
16.098945
15.085749
14.101718
18.845486
15.343025
35.452812
34.231692
15.152564
18.770625
26.417781
16.889771
17.763625
18.549249
14.339139
16.643719
16.822538
23.794512
16.432013
16.246762
14.071389
22.417784
15.165303
14.484476
17.531609
14.903913
25.735132
14.538589
15.097473
15.897809
27.354258
26.243792
19.347652
24.411137
15.012289
19.251587
16.348786
20.77525
18.713214
25.293796
18.180375
20.695659
17.519642
16.797896
27.402794
19.6786
17.536392
23.295162
14.672784
17.081277
15.54913
15.324017
28.271019
14.975412
22.919984
15.587085
14.195046
14.719091
19.031139
18.760224
18.323993
15.52243
20.032531
22.903684
21.166016
18.964115
24.663825
19.743477
18.377765
28.290178
19.432775
23.853027
16.526427
18.278104
15.561568
16.401886
17.0837
15.283259
16.368405
14.412871
19.554345
14.869777
15.603312
15.898422
24.514209
24.622069
18.260792
24.915837
18.652049
15.370167
17.938505
31.259813
18.333545
18.907116
25.687529
18.914688
24.762031
17.982766
19.267199
18.499761
19.788167
17.82317
20.613595
16.703941
15.935452
22.026358
14.914441
15.520846
14.36187
16.67431
22.548485
17.184231
27.840752
14.577315
14.350424
29.172002
20.949928
18.46606
18.229044
18.725849
18.784562
19.218934
25.470672
18.681016
21.644816
17.925604
27.026056
17.50179
21.561365
15.483609
15.588239
15.523987
22.148596
16.075834
15.537298
15.964801
15.340946
15.390134
14.485083
16.582707
16.916189
16.496402
18.085521
15.125333
20.298866
18.560505
24.248456
18.303403
27.513283
18.150479
18.026201
16.675489
15.77664
17.141321
24.468748
15.608179
24.340983
19.316209
15.836134
20.283008
17.866989
14.699946
21.163767
14.403553
17.33247
26.204422
20.28018
19.481857
20.941411
15.269905
18.90988
18.71831
25.452019
20.743313
18.96592
29.693863
19.260595
19.771672
25.738062
17.354289
19.152851
24.827136
27.195954
16.437414
15.443205
17.423882
14.009598
26.937345
15.470271
17.541979
16.048973
15.692101
18.882657
15.945537
15.716552
15.174121
14.311595
19.417353
26.017987
20.302265
18.968929
18.775823
22.50592
18.025795
18.741602
23.377415
16.458915
18.304292
17.172255
26.205755
20.795215
17.3713
14.454968
24.386386
14.438417
14.623517
15.144615
17.553603
14.784765
17.46764
16.109915
19.824016
15.662461
18.505119
25.939447
18.700046
23.78101
19.773277
19.482569
20.03616
15.698668
19.250584
18.650101
23.096723
17.251979
18.336787
17.028603
16.772621
16.26215
18.756676
15.995334
15.330738
18.38358
17.411456
15.41579
15.587432
26.377056
14.590925
15.293955
15.591353
19.402215
14.833954
15.137258
18.861459
14.300272
26.118247
18.632452
18.780776
19.765153
17.480337
23.577963
23.418022
16.90832
18.095084
15.673511
18.47093
14.261715
17.1438
17.330959
15.130501
24.700324
16.186898
14.081131
14.715802
25.567129
34.977303
18.978568
18.757344
18.043863
17.798355
18.933999
18.159947
27.314347
18.832481
18.951037
20.364212
15.902885
15.998713
17.594011
15.981859
33.869563
16.436615
16.180579
14.373743
17.23913
14.617366
16.590435
14.93335
15.986136
15.530262
14.352722
14.733009
26.556754
18.695956
15.405087
19.602286
15.765589
18.576221
18.292455
26.054984
19.707558
19.146259
33.797059
16.304003
20.078795
16.140491
18.643906
15.478793
17.070416
16.343256
15.093377
16.063628
14.22801
14.959376
15.968225
16.579749
15.224145
24.61093
15.703483
15.640909
14.748861
14.646059
19.855479
19.107501
18.695951
15.00532
22.75223
15.721146
18.198803
20.270365
23.251459
19.178244
25.40361
21.160804
19.650246
22.676947
15.242675
16.694333
17.509674
16.033115
22.296914
16.549195
15.660256
14.026059
20.196159
19.340968
15.740354
23.700474
15.928112
15.017127
24.784815
16.22277
15.060641
19.692937
18.489099
27.970253
18.484395
18.431056
18.545134
23.574157
18.009984
16.208969
23.251219
14.465846
14.449108
23.955046
22.93412
16.188129
14.783533
15.276349
20.955516
26.66539
16.804303
15.552361
20.203919
15.633371
18.880674
15.059249
19.479178
19.187462
19.961015
15.314869
18.059109
18.271275
24.742314
16.202528
18.59878
15.0837
19.068776
15.191954
19.545527
15.08942
19.893015
16.429833
23.791788
14.94609
20.152821
15.559917
16.971902
24.29837
17.539952
14.661527
16.521748
19.100127
33.679586
20.097425
18.846504
18.239622
19.582112
40.725293
15.251685
18.363467
17.864138
15.707658
18.825309
15.866851
14.936118
18.583335
15.189185
14.444509
15.607276
19.500939
16.87624
37.898504
19.20613
19.237587
14.471964
19.962064
18.943265
22.002767
22.068978
18.993684
24.324845
18.363957
21.967052
16.768761
34.313664
15.139008
17.574524
14.454435
15.854969
18.44301
16.266514
20.22018
15.928073
37.771474
19.487193
15.633656
24.022633
15.258576
14.263698
20.893988
26.025553
18.931974
21.342204
18.456323
15.351909
16.271742
18.659825
19.345031
15.939874
20.309745
19.471723
15.582988
19.444874
16.920281
25.415508
15.918803
21.935322
15.852008
15.417026
15.214265
13.97801
24.557181
15.601964
21.241989
17.171621
15.446079
14.05068
18.663879
20.046119
24.954298
19.762894
14.936985
26.044345
19.168888
26.136402
17.941331
18.363739
17.622878
16.485478
18.291822
17.066918
22.317845
15.399381
15.448744
15.317487
15.714291
15.21754
14.226092
20.727956
17.197126
16.350207
25.819736
19.175972
14.616714
14.614145
19.240156
19.429109
19.805101
16.471961
15.328245
18.363603
14.367189
19.696278
16.93171
16.171985
21.736919
14.799181
15.35554
14.058744
20.772201
15.387054
15.527368
14.50894
16.071683
24.238524
16.022775
15.369042
19.531651
19.380964
15.907622
27.575384
18.797425
24.470121
17.753058
17.474361
17.852098
18.231792
16.10671
16.700039
18.685733
17.085016
16.53425
16.037144
15.588859
13.714393
15.774445
20.529763
15.38758
15.581056
17.526811
14.873508
25.657485
20.242899
15.257199
19.837073
14.235734
18.903106
19.302301
25.724398
27.895157
19.213697
17.548492
17.154005
15.512212
46.148347
16.166232
30.409638
28.858293
15.002545
17.024405
15.793568
17.995616
28.885994
15.501979
17.435559
18.888626
15.549099
17.533781
46.59927
14.898432
18.761099
15.468227
17.838695
18.433411
18.878227
19.814467
20.040124
16.993268
19.538279
15.205662
17.542382
21.680114
15.48411
16.093866
22.01712
14.424218
14.160403
22.854484
19.162756
15.541225
14.799492
15.81638
15.386038
14.57927
18.944794
19.333012
15.724964
17.813695
18.618819
21.182518
19.006816
18.569568
24.055483
18.109558
17.874159
16.338882
15.430421
16.151303
27.078041
17.275634
15.959107
15.380769
14.139054
17.164562
15.735491
15.587811
30.066492
14.401018
18.064806
16.15601
