34.25109
11.251073
5.408516
12.278564
15.50186
10.237429
20.511336
13.324361
38.684845
21.296427
25.525062
14.202078
21.269464
30.590183
12.046289
17.465944
32.957543
10.050187
5.251839
21.815885
10.418625
59.960845
9.546306
24.043955
18.577315
3.661672
11.045537
12.368213
17.545176
9.822432
14.67435
13.923848
8.939416
3.275229
9.195444
2.984943
9.524391
22.305276
12.992169
9.686172
18.196485
14.232372
13.283948
20.835131
17.568129
9.375896
5.204694
13.841142
16.406556
8.755391
12.26136
19.710568
11.307421
9.364947
4.209288
17.573277
16.828211
12.794302
18.3026
10.630542
22.37768
21.270746
12.004934
20.322354
18.494948
5.394965
22.360249
11.276691
12.508424
8.462519
8.990013
11.855063
15.588727
16.951203
18.793302
14.398717
18.071229
15.043107
19.397622
16.094825
17.823143
13.238287
13.154645
10.987795
17.335784
13.706219
15.888864
11.305654
4.704551
10.261272
4.932923
19.077287
14.663527
11.242544
28.902342
10.280522
8.311161
7.333709
5.221826
14.328235
9.076433
5.316829
10.064574
4.39671
7.32001
9.049074
5.14295
16.549016
15.644473
16.47511
10.502655
10.836871
20.213782
23.210154
12.056035
16.482344
5.398476
10.75323
15.130041
16.343083
8.097566
12.43756
17.253359
16.674822
14.10392
15.554353
5.452904
12.528445
16.714271
11.23595
8.763979
16.126911
23.446327
9.693824
9.774974
5.530888
10.703586
4.170671
9.88505
3.757337
17.220565
8.521617
11.740027
15.962032
15.020779
15.343908
8.068796
15.608516
11.798852
17.960236
9.160657
16.312401
5.444738
12.026046
17.558267
12.000593
14.585024
17.082284
6.468129
19.91434
11.125737
34.004615
5.064253
11.41029
10.340265
7.479602
12.516188
26.594926
3.481461
6.325768
17.236523
7.98282
7.277671
16.841739
8.91686
4.892869
3.271661
19.890946
8.37993
16.70451
18.671979
17.285411
20.089962
8.055777
14.921619
18.003796
3.333182
6.611262
2.757977
12.180055
9.729641
12.066444
4.456923
22.99423
3.215813
5.847995
6.092074
17.207601
10.593458
17.982131
8.389148
11.675846
4.453242
9.758841
10.141074
14.832972
6.817794
12.0132
7.278272
29.851026
6.996868
23.5739
5.856056
5.907821
16.778288
17.049754
10.088828
8.581016
13.618564
3.04018
5.978791
11.858364
2.649854
8.057345
8.576431
3.782022
7.183472
15.818374
14.236376
12.110944
16.007495
21.710099
11.103665
12.461916
5.514757
8.204894
9.550055
15.711918
4.544229
21.357119
15.554872
7.846581
7.246724
8.726308
8.853006
11.922921
15.574446
2.739688
11.295058
6.332953
10.643825
16.486645
6.795949
10.373234
8.231515
11.324791
10.755548
20.252037
9.668529
6.134323
15.375942
8.454594
7.008936
15.693621
6.763119
14.144042
13.281066
13.365439
9.264764
9.791157
5.344067
19.22016
2.049172
19.154546
14.39202
19.836785
17.02019
8.824327
13.491122
9.351611
9.972588
15.678275
5.680717
8.603823
10.770819
11.494336
4.77852
5.300431
20.914669
12.886291
15.137562
7.746394
3.812946
13.471377
10.286763
19.321604
19.524085
13.515923
13.497718
17.987584
3.934828
7.504172
17.270085
2.591369
6.177307
14.515455
6.610793
14.085056
8.748951
8.821961
9.57049
13.839661
11.654133
15.641311
4.857474
11.105399
10.820559
18.263434
15.386713
6.103336
6.251397
22.248167
16.238985
23.131775
14.232841
14.044191
1.478119
10.276438
17.177774
3.180782
16.716578
9.689227
16.482868
18.93673
9.374728
17.130694
19.804886
4.180672
9.245137
17.443359
12.296332
24.524688
17.667408
3.718272
4.510277
22.355837
20.366441
13.189944
4.675366
18.643409
12.01163
6.218236
15.296845
6.36893
8.247183
5.688131
6.462506
17.810496
15.45191
8.375164
5.819713
19.258083
4.498145
9.301187
3.932354
11.109424
16.46738
20.482025
11.216298
14.571581
23.325218
15.049187
7.465863
5.143516
11.526387
15.4552
17.54714
8.280826
9.232699
9.048583
10.051199
13.391126
11.049642
19.365967
6.36431
17.633802
26.212919
22.935757
16.72738
13.284162
11.124905
27.455324
8.430506
9.681479
23.831759
15.309009
12.239921
10.100391
14.749031
11.503286
9.0495
7.37222
6.959985
11.376501
12.60038
4.067255
16.410158
11.865585
5.176953
17.14589
15.795671
5.818079
10.228305
15.283593
17.618471
10.279948
1.938926
11.181554
13.047842
11.704539
7.460142
25.877636
9.598202
9.187872
19.009933
5.008329
8.336935
11.101285
15.087044
8.193138
7.547812
9.735787
9.848494
7.409436
22.822058
9.94653
2.436465
14.821199
4.393394
10.89431
16.615422
7.021753
11.099827
4.517372
6.84368
6.027898
41.568159
9.86117
10.263242
15.438797
17.234475
1.509607
11.456089
7.117228
10.609565
16.580936
12.211098
4.16229
13.182792
15.482388
6.007825
3.114436
17.352448
2.670678
13.992832
26.92237
24.610447
7.47219
1.534832
2.597151
18.220599
14.838862
8.848459
6.073605
8.87974
10.974012
24.673602
7.478416
8.421503
13.891473
7.463316
17.762507
11.437957
15.423618
4.442743
10.653536
26.898948
21.014812
3.88002
9.751645
10.434087
8.278101
17.050611
9.388174
10.746572
16.153985
10.953932
13.367917
6.431195
11.448777
13.69744
4.847767
6.482197
4.089024
26.959141
4.98219
8.14772
8.499624
4.511542
13.073642
13.208863
10.939078
21.153869
12.137197
7.502005
9.823074
5.456297
2.962454
7.141526
18.169054
8.547058
11.098059
16.276382
13.461358
16.568182
9.505779
9.000983
9.294123
18.404721
7.022522
3.685394
8.673061
5.860937
9.576322
16.155135
14.98006
9.308242
8.665584
7.787215
5.991506
5.628761
6.85998
13.549015
11.611715
6.166042
3.741407
6.048286
18.852098
18.96421
11.566979
5.444496
5.010787
13.609015
1.954689
2.874623
10.402992
18.952758
8.595739
18.06103
17.709989
17.861072
14.235511
2.088907
3.803578
14.76352
7.168877
3.146263
16.96605
7.689883
7.023899
4.258038
7.679436
6.831113
3.104094
3.8778
15.380116
13.055852
16.930381
14.188544
16.38743
14.840713
18.074632
17.244469
16.49023
18.279092
6.064692
18.926898
7.116123
8.810139
4.000964
12.722746
12.701552
28.52336
23.072565
9.647884
14.725302
4.259572
11.590914
9.647127
21.286975
5.203425
5.789689
4.894149
10.506367
6.117164
11.137277
13.964526
10.340755
8.869977
17.918345
14.677222
15.051931
15.224389
15.071642
22.30652
19.194244
9.062828
6.525541
5.631717
16.683156
21.012932
24.916942
8.597504
7.827944
18.613175
4.467573
12.944751
17.315337
6.276127
11.905174
17.593677
0.00055
0.000124
0.000174
0.000133
0.0002
0.000199
0.00014
0.000204
0.00014
0.000137
0.000135
0.000208
0.000141
0.000125
0.000163
0.000144
0.000165
0.00017
0.000148
0.000471
0.000216
0.000136
0.000143
0.000146
0.000134
0.000425
0.00014
0.000137
0.000121
0.000236
0.000207
0.000131
0.000203
0.000213
0.000191
0.000388
0.000135
3.849699
4.241385
13.989307
9.61825
15.188192
14.57306
6.463135
14.018763
11.074244
11.083599
4.968533
14.004486
14.728956
11.916605
13.707917
17.593364
1.773326
7.49412
16.272251
7.962815
5.13243
6.686271
14.277621
13.3228
5.262236
12.789187
12.587298
20.633746
8.405944
13.341616
12.150926
9.419535
11.063531
11.180664
9.615804
19.416362
7.582113
4.534621
6.17477
4.961091
17.465932
25.442825
12.699896
12.395857
4.455773
15.022536
17.791462
9.731037
3.551941
9.98308
17.588915
10.294978
12.384754
6.92261
12.958878
27.117065
13.096742
21.483343
17.339262
12.477808
10.011072
16.485636
16.800117
14.215127
8.7593
16.843056
4.465045
9.442586
10.608969
12.356263
5.413486
26.088925
10.331008
12.860089
6.674762
1.808635
22.094766
19.759042
36.353693
4.87293
15.236977
13.606292
17.505483
14.853746
5.423416
13.302223
3.527694
15.730533
11.114043